5:1193, 1229, 1202, 1236, 1195, 1202, 1223, 1226, 1226, 1205, 
6:1273, 1236, 1243, 1238, 1200, 1277, 1230, 1234, 1277, 1269, 
7:1233, 1231, 1259, 1231, 1202, 1243, 1224, 1224, 1198, 1193, 
8:1195, 1238, 1202, 1203, 1192, 1197, 1199, 1228, 1195, 1238, 
9:1194, 1157, 1161, 1207, 1202, 1195, 1216, 1188, 1195, 1159, 
10:1196, 1226, 1235, 1159, 1154, 1205, 1164, 1229, 1154, 1162, 
11:1187, 1164, 1156, 1151, 1167, 1193, 1196, 1166, 1223, 1190, 
12:1164, 1170, 1164, 1154, 1157, 1195, 1205, 1226, 1226, 1167, 
13:1187, 1162, 1216, 1125, 1162, 1198, 1200, 1155, 1204, 1199, 
14:1159, 1157, 1166, 1162, 1161, 1189, 1164, 1120, 1121, 1159, 
