1,556,543,562,560,573,568,577,554,572,556,570,557,553,557,559,554,552,558,572,557,
2,545,530,540,544,546,556,539,563,520,533,536,532,507,568,524,532,543,548,545,527,
3,467,485,483,469,472,455,472,486,461,457,459,470,484,454,459,462,483,470,469,467,
4,457,447,434,455,482,442,445,468,469,454,476,457,457,449,459,449,472,455,438,441,
5,429,468,453,460,461,470,485,445,464,452,451,444,460,468,462,460,469,464,462,449,
6,446,456,463,461,442,445,437,450,456,476,445,462,447,458,449,429,459,434,467,452,
7,444,458,446,457,487,463,466,449,462,438,474,461,458,443,437,450,500,471,456,456,
8,457,459,462,470,446,455,454,465,484,433,466,488,441,483,450,466,455,455,456,471,
9,485,459,445,462,447,448,440,461,474,441,460,462,461,468,460,453,450,442,445,448,
10,452,455,457,468,459,458,449,446,461,461,454,459,459,447,470,473,461,465,455,473,
11,516,460,455,463,465,486,498,457,475,461,457,433,462,468,467,500,462,472,467,481,
12,465,461,444,455,436,456,447,462,431,447,431,498,447,455,462,433,450,470,472,458,
13,445,462,445,458,426,470,491,463,472,459,456,458,470,478,474,459,475,458,443,447,
15,460,459,462,436,446,485,437,430,469,459,459,473,470,473,471,454,461,464,470,458,
16,464,490,459,463,469,460,449,449,472,484,454,446,481,452,443,459,462,466,443,441,
17,452,465,458,496,470,451,450,455,464,485,454,478,463,481,459,487,449,479,476,456,
18,487,479,498,447,445,473,463,474,461,462,447,463,468,467,462,474,460,448,479,470,
19,449,466,477,489,476,458,470,491,462,458,471,477,482,460,472,475,467,444,470,461,
20,447,468,462,469,458,462,459,471,465,450,457,441,482,464,485,468,464,455,448,471,
21,458,471,457,468,442,473,457,475,459,453,442,454,443,464,456,486,449,463,450,461,
22,494,470,456,457,486,499,482,444,472,483,462,474,469,487,426,466,471,462,451,447,
23,472,484,449,471,498,446,459,483,454,482,458,479,482,459,488,479,486,465,499,475,
24,474,445,449,471,489,461,475,459,449,469,433,459,472,473,447,459,464,469,474,508,
25,488,455,470,468,485,456,479,458,472,449,461,499,455,439,472,469,484,459,470,470,
26,470,446,486,501,459,474,460,500,447,444,492,468,484,457,459,463,475,455,483,461,
27,484,472,453,500,472,465,497,472,485,475,468,445,443,486,455,464,452,481,461,470,
28,460,449,479,444,491,460,461,457,484,495,460,479,483,457,468,499,445,474,482,469,
29,453,465,473,478,474,465,471,473,472,458,459,472,459,457,461,471,485,482,465,469,
30,462,483,486,485,491,501,455,481,459,468,509,487,471,477,462,464,473,429,472,459,
14,448,467,459,461,442,477,451,454,456,471,472,479,457,470,457,449,471,462,448,457,
