1,989,988,990,992,989,987,982,990,995,987,991,984,984,988,997,985,984,984,993,987,
2,986,983,987,992,981,994,986,987,995,993,982,983,992,991,989,985,993,986,987,984,
3,995,988,985,980,984,987,988,997,992,988,991,994,988,984,999,992,995,992,985,994,
4,996,996,994,995,984,987,994,986,994,989,987,998,992,991,992,989,988,984,991,991,
5,993,998,1006,988,995,991,992,984,991,1000,995,989,992,992,990,995,993,986,987,986,
6,991,993,996,989,988,997,990,994,991,991,986,982,995,1003,988,993,987,993,994,996,
7,988,991,990,990,993,984,1000,994,991,993,1003,996,993,991,997,1001,998,990,996,995,
8,1004,1002,1005,995,988,989,992,995,976,994,998,988,993,987,995,996,987,987,991,996,
9,997,983,986,991,998,990,996,983,988,997,993,986,995,998,988,993,999,999,993,985,
10,995,990,994,992,992,994,992,987,988,989,1003,984,989,994,998,987,996,987,1002,1004,
11,992,988,999,989,994,996,993,993,988,992,992,993,987,1003,989,999,998,984,995,993,
12,994,1005,1000,991,1000,993,995,991,1002,992,986,995,992,994,991,995,998,1005,1002,992,
13,1002,996,994,996,991,983,989,987,990,989,997,994,998,992,994,1003,983,994,1007,1001,
14,990,992,996,984,995,992,991,995,1001,994,991,995,995,992,993,995,988,991,1000,998,
15,992,996,994,996,988,1000,997,983,990,995,994,983,990,994,991,993,997,986,997,997,
16,1004,1011,991,990,1001,997,996,989,990,995,996,1000,999,995,992,990,993,1003,994,997,
17,985,996,999,1004,1000,990,991,1005,995,992,995,988,1001,998,991,996,999,994,997,991,
18,995,987,1005,1005,993,998,1006,996,995,1015,982,993,997,1004,998,1002,996,999,998,989,
19,990,990,993,998,991,992,995,1003,1002,1003,990,995,982,999,1001,991,989,997,993,994,
20,996,996,998,988,993,990,994,993,992,1001,995,996,1007,1004,991,998,1010,1004,989,990,
21,991,999,996,989,999,1002,987,999,1000,993,996,1003,1007,1002,992,991,997,1006,990,1010,
22,989,989,986,1004,999,999,993,997,997,999,1000,1011,997,989,1001,988,993,995,1004,995,
23,999,998,998,991,987,994,999,992,1000,991,983,1001,996,1004,1003,995,1000,999,996,991,
24,998,1001,996,998,991,991,988,987,992,989,989,999,1008,986,989,993,1004,1000,992,998,
25,999,1000,1005,990,1006,994,990,1001,996,1001,995,996,995,998,1010,997,996,991,999,991,
26,1000,1003,1000,993,994,989,1001,990,991,995,992,990,996,991,1001,996,1001,992,1001,1001,
27,1001,998,997,998,997,1006,990,989,991,999,993,991,996,989,992,997,1002,998,1003,991,
28,997,1004,989,997,998,987,996,998,1002,999,996,993,988,994,1000,995,995,992,993,1000,
29,993,991,996,1004,999,1005,991,996,991,992,995,994,994,995,997,999,996,996,997,996,
30,989,1000,1008,1001,989,1002,999,988,996,994,998,991,992,997,1004,1006,1003,994,990,993,
