1,1276,1306,1243,1311,1282,1282,1275,1281,1308,1308,1310,1285,1309,1309,1279,1239,1275,1277,1240,1273,
2,1308,1277,1308,1314,1282,1278,1247,1310,1246,1248,1314,1314,1279,1308,1304,1241,1315,1276,1316,1308,
3,1246,1243,1313,1276,1242,1243,1306,1279,1238,1314,1242,1314,1277,1276,1311,1309,1314,1313,1310,1310,
4,1277,1312,1212,1243,1312,1274,1249,1276,1310,1278,1275,1239,1249,1253,1247,1276,1274,1274,1244,1306,
5,1242,1187,1277,1249,1276,1176,1183,1312,1210,1242,1173,1250,1176,1273,1277,1279,1175,1213,1241,1242,
6,1183,1179,1085,1177,1153,1113,1207,1113,1114,1180,1150,1146,1117,1188,1117,1117,1144,1178,1119,1114,
7,1053,1053,1086,1054,1055,1083,1085,1023,1080,1052,1053,1052,1015,1120,1082,1020,983,1088,1117,1116,
8,1049,1018,1085,1119,1021,990,1051,1018,1032,1085,1056,1050,1017,1052,1052,1022,1115,1022,1053,1055,
9,1023,1019,993,1019,959,1016,1051,1025,1019,982,1021,1054,1021,1018,980,1055,988,1052,1023,985,
10,959,1018,1024,991,986,1054,1051,1024,986,986,989,1022,985,1084,987,990,1021,1022,1020,1056,
11,1024,1018,1054,963,1021,991,1026,1020,957,985,1015,1022,953,1017,989,989,1020,1017,1051,1048,
12,1018,1011,985,987,994,1016,989,983,1023,987,1019,1017,1017,1088,989,953,953,961,955,989,
13,1016,989,1023,1054,1017,983,994,1023,1022,1022,1057,952,987,1020,983,1020,1022,985,955,984,
15,988,990,1053,1015,1021,1053,988,987,984,1049,1020,983,1020,1017,1016,1023,995,1049,983,1053,
16,1017,983,1015,985,1031,985,1021,1050,1021,985,1023,997,1054,991,951,1019,947,1023,953,988,
17,984,1021,1022,1052,1019,984,1019,1058,985,1017,984,1015,987,1055,1053,987,1084,984,955,988,
18,1018,952,960,1018,1024,1052,1021,1015,1014,1021,988,981,982,1053,1018,986,1019,1018,1019,1017,
19,1020,1054,1048,990,1015,985,1019,1015,1022,989,1017,1019,1085,1023,987,1022,1017,986,1025,1050,
20,996,1083,1058,1013,1019,1025,1096,986,1023,1012,982,1055,1056,1053,985,955,1017,985,990,987,
21,1084,1023,1017,987,1049,1017,954,1019,952,1057,1053,1050,1082,1017,1047,1023,1052,991,1051,1050,
22,1020,985,1026,1027,1018,1020,983,1088,984,1016,992,1055,978,1018,1051,989,988,1056,1055,1083,
23,1053,984,987,1048,1027,992,1018,989,1048,1091,1081,1115,984,984,989,1053,1021,1020,1016,1022,
24,956,988,988,994,992,990,1018,1014,1058,1023,1021,992,1058,1020,987,988,1057,994,958,1016,
25,1015,986,990,1018,1024,961,991,1022,984,989,1055,1024,1022,986,1021,1021,1019,1051,1017,1053,
26,1016,1091,1021,986,1024,993,1014,1049,1057,1020,1079,1020,1015,1014,1024,985,1056,1020,992,956,
27,1085,1053,1023,1017,1018,964,954,1056,1050,1022,955,1027,1026,1024,1051,1119,1058,1024,1020,1022,
28,1048,1054,1024,1023,1027,991,991,1018,985,990,1022,1088,949,1018,986,986,984,985,1020,1016,
29,1020,986,1054,956,1025,1021,983,1023,1022,1082,1011,1054,985,1017,1048,1052,1022,1015,1020,1056,
30,1021,1026,950,1015,988,1052,1024,987,1019,1026,986,987,1030,1021,988,985,989,1022,955,1024,
14,993,992,981,985,955,1048,989,990,988,1017,1019,1030,1023,1046,991,1050,1028,992,1015,957,
