1,872,879,872,898,869,868,872,847,861,862,858,854,869,872,868,878,868,855,859,869,
2,813,797,828,838,865,810,811,821,803,848,858,817,810,813,852,838,828,811,848,839,
3,802,781,780,787,779,814,780,804,811,790,802,783,781,809,800,808,797,781,810,792,
4,774,773,751,784,776,759,760,791,749,763,777,766,785,759,780,793,759,792,759,735,
5,767,760,769,748,752,787,759,790,738,780,768,797,742,769,763,795,775,752,749,780,
6,777,742,770,774,762,746,756,763,773,767,769,762,780,783,741,745,762,769,773,762,
7,752,749,762,788,779,752,748,781,755,751,752,764,775,753,752,780,779,787,749,777,
8,776,772,801,759,782,749,756,752,760,793,763,752,775,771,762,766,768,782,741,784,
9,780,752,767,767,808,773,783,791,775,773,787,766,787,769,787,760,759,752,793,783,
10,812,792,787,749,775,789,751,769,757,773,803,759,762,754,756,782,772,745,758,754,
11,753,775,762,769,783,783,762,778,783,778,772,762,776,763,776,796,751,755,807,759,
12,770,757,748,755,787,762,779,780,815,763,767,772,807,796,755,767,787,776,765,776,
13,771,774,794,788,759,767,797,797,768,755,777,767,769,758,783,786,779,765,758,763,
14,775,762,782,758,794,791,761,755,766,787,758,794,756,752,772,763,776,787,797,771,
15,783,769,800,759,762,771,795,770,801,805,783,787,769,797,793,762,745,759,796,732,
16,803,776,769,759,772,790,752,785,770,764,782,766,780,801,752,791,759,791,807,772,
17,767,766,789,768,777,758,762,776,763,761,763,796,776,766,765,763,772,791,752,772,
18,784,784,759,783,779,759,828,773,808,755,759,776,758,759,773,769,765,792,763,762,
19,796,780,802,756,797,786,801,763,749,781,763,773,769,767,810,776,748,780,790,770,
20,758,751,780,783,795,817,755,790,776,773,768,782,778,764,752,786,788,761,779,794,
21,779,787,798,772,801,790,768,773,776,789,759,765,779,790,764,773,803,791,807,750,
22,785,801,762,776,741,751,777,779,789,791,766,782,784,786,777,786,769,798,796,773,
23,787,790,800,778,814,752,790,748,759,800,762,776,769,788,780,770,805,784,775,762,
24,783,786,797,777,798,777,769,794,765,803,759,768,759,767,832,778,803,824,803,816,
25,772,788,804,776,761,776,799,785,793,789,770,776,769,765,784,756,793,762,793,751,
26,766,796,788,753,787,772,770,780,785,796,786,823,766,800,790,786,772,795,780,786,
27,770,763,792,793,802,775,786,772,802,794,780,786,786,806,785,787,777,776,745,784,
28,769,789,795,811,788,790,794,782,762,765,769,789,814,808,780,802,770,804,799,779,
29,804,766,793,743,775,774,802,772,766,764,754,787,800,817,793,784,756,800,793,751,
30,796,770,780,807,792,813,794,765,766,788,763,807,776,793,792,773,766,801,765,773,
