1,900,904,914,904,905,903,898,909,910,902,902,906,901,908,907,913,906,908,902,906,
2,913,906,901,909,901,902,905,912,912,899,906,906,907,908,908,909,907,902,907,901,
3,911,910,908,907,903,908,909,906,912,911,904,904,905,904,907,904,913,910,917,908,
4,907,904,901,905,911,906,903,910,904,910,902,907,907,913,906,910,911,903,908,911,
5,909,909,907,904,904,914,908,913,911,907,910,906,915,907,908,911,909,904,911,918,
6,908,912,912,897,911,918,916,929,905,909,912,914,916,910,905,910,908,911,912,905,
7,910,908,902,912,914,908,917,917,906,917,914,903,910,916,913,908,915,910,911,910,
8,910,909,912,919,915,915,909,910,905,917,912,912,902,910,906,914,909,908,919,921,
9,908,923,908,910,905,910,912,905,900,910,910,913,913,909,916,914,910,910,912,913,
10,915,910,915,913,919,913,911,909,907,919,909,910,912,921,906,901,899,908,901,912,
11,906,908,908,909,906,910,910,913,911,910,917,907,910,918,913,908,919,919,921,916,
12,902,908,909,915,911,914,920,913,919,912,906,906,909,909,904,908,908,912,910,908,
13,915,909,912,915,913,920,913,905,909,912,909,921,909,909,904,919,922,914,908,917,
14,913,910,905,908,917,907,906,918,911,911,909,916,913,912,912,924,912,922,905,913,
15,910,907,912,908,912,906,912,913,908,916,911,910,923,904,910,911,909,924,909,913,
16,919,910,910,914,911,912,913,922,918,914,907,913,913,919,908,916,906,910,916,915,
17,907,910,902,916,911,902,908,908,912,915,916,906,918,918,912,907,910,912,914,912,
18,916,912,914,914,902,900,925,907,905,914,910,908,919,911,912,911,906,906,911,912,
19,917,904,909,914,915,905,907,902,908,910,919,899,922,913,909,902,915,911,910,911,
20,910,908,911,907,923,906,908,907,917,901,906,915,904,910,916,916,906,922,908,913,
21,913,922,913,908,913,907,908,911,916,908,916,918,902,911,908,908,909,923,927,910,
22,909,913,914,915,910,907,913,909,917,915,906,917,913,912,904,909,914,923,910,920,
23,911,910,917,913,913,904,918,913,910,918,910,906,916,921,912,911,914,914,914,907,
24,909,913,926,905,916,917,921,910,912,913,907,910,911,910,923,918,915,912,917,916,
25,912,913,913,917,911,912,911,913,913,907,912,915,912,917,909,920,918,909,923,914,
26,922,913,917,913,908,916,917,922,917,917,912,915,921,912,912,919,912,913,912,915,
27,907,910,913,912,914,922,908,905,915,904,903,910,909,912,919,910,912,915,910,916,
28,907,911,909,910,913,919,912,915,910,919,915,912,917,911,910,924,930,905,906,903,
29,917,901,910,907,910,900,908,919,906,911,910,918,925,916,919,913,912,914,915,911,
30,907,913,901,914,909,918,914,920,907,913,904,912,909,915,915,909,909,923,909,918,
