1,1877,1882,1896,1923,1926,1920,1898,1888,1903,1900,1879,1882,1896,1903,1916,1883,1895,1902,1916,1899,
2,1899,1906,1897,1881,1898,1926,1883,1904,1919,1902,1897,1904,1890,1919,1900,1887,1924,1914,1918,1896,
3,1877,1857,1874,1883,1890,1895,1905,1912,1900,1874,1887,1894,1852,1895,1871,1866,1865,1898,1845,1906,
4,1850,1790,1863,1847,1832,1838,1799,1845,1831,1854,1863,1828,1812,1812,1876,1809,1845,1803,1783,1854,
5,1799,1812,1821,1819,1787,1782,1841,1781,1797,1801,1823,1803,1822,1795,1795,1802,1803,1819,1813,1786,
6,1746,1781,1788,1776,1782,1785,1803,1761,1777,1766,1765,1795,1832,1764,1766,1795,1765,1797,1789,1768,
7,1770,1767,1818,1789,1769,1769,1794,1782,1784,1772,1789,1792,1771,1756,1763,1775,1744,1808,1763,1799,
8,1787,1739,1800,1791,1765,1793,1793,1748,1754,1779,1773,1788,1796,1768,1749,1787,1754,1789,1767,1792,
9,1766,1754,1789,1763,1782,1780,1792,1746,1818,1765,1763,1777,1759,1800,1755,1763,1782,1763,1801,1777,
10,1784,1787,1785,1762,1766,1794,1836,1819,1791,1773,1743,1781,1770,1755,1765,1749,1745,1748,1809,1784,
11,1745,1802,1798,1781,1806,1769,1767,1787,1768,1792,1785,1778,1766,1769,1783,1792,1746,1784,1733,1746,
12,1786,1798,1760,1762,1766,1762,1797,1746,1808,1776,1773,1804,1764,1746,1793,1779,1813,1773,1754,1782,
13,1746,1781,1766,1787,1799,1781,1795,1767,1768,1801,1802,1802,1790,1781,1825,1802,1774,1760,1834,1769,
14,1791,1780,1799,1778,1784,1800,1751,1751,1767,1784,1783,1748,1762,1756,1798,1774,1810,1765,1756,1770,
15,1792,1793,1749,1749,1769,1766,1768,1745,1788,1799,1773,1791,1744,1770,1798,1803,1785,1775,1785,1804,
16,1795,1779,1797,1776,1778,1773,1789,1765,1785,1804,1788,1838,1797,1789,1771,1800,1805,1742,1785,1761,
17,1762,1783,1780,1782,1796,1772,1752,1761,1746,1778,1780,1783,1832,1804,1807,1763,1766,1784,1773,1789,
18,1796,1768,1772,1765,1773,1777,1786,1820,1807,1753,1765,1784,1738,1792,1785,1789,1800,1798,1765,1734,
19,1838,1782,1765,1804,1798,1785,1814,1796,1747,1768,1753,1753,1779,1768,1818,1762,1802,1786,1763,1772,
20,1821,1772,1771,1819,1804,1836,1766,1786,1760,1782,1771,1769,1781,1808,1756,1789,1751,1796,1782,1772,
21,1790,1784,1804,1800,1815,1780,1765,1794,1804,1776,1780,1776,1804,1807,1803,1791,1802,1749,1810,1752,
22,1802,1771,1779,1782,1790,1817,1752,1787,1784,1832,1764,1750,1786,1821,1771,1770,1768,1791,1767,1750,
23,1783,1809,1814,1813,1792,1779,1820,1778,1763,1786,1762,1784,1820,1792,1770,1778,1761,1783,1814,1781,
24,1790,1825,1750,1766,1767,1787,1797,1806,1780,1782,1769,1790,1818,1762,1766,1789,1814,1790,1805,1779,
25,1778,1780,1771,1774,1813,1820,1812,1765,1795,1792,1771,1781,1780,1779,1778,1776,1785,1804,1791,1767,
26,1748,1819,1812,1802,1770,1767,1772,1783,1764,1785,1769,1782,1765,1779,1786,1762,1791,1822,1788,1804,
27,1803,1815,1785,1830,1796,1795,1765,1788,1795,1808,1765,1765,1791,1786,1766,1782,1797,1790,1752,1785,
28,1754,1802,1814,1775,1783,1766,1771,1809,1764,1770,1806,1783,1777,1771,1801,1753,1763,1775,1770,1780,
29,1791,1776,1803,1764,1812,1776,1785,1772,1787,1763,1792,1832,1776,1769,1748,1803,1795,1787,1814,1781,
30,1805,1769,1779,1772,1818,1791,1769,1769,1765,1787,1776,1765,1791,1816,1765,1768,1803,1798,1800,1769,

