1,2078,2124,2080,2080,2089,2090,2077,2077,2079,2079,2113,2076,2054,2080,2089,2114,2081,2064,2103,2103,
2,2091,2079,2092,2100,2090,2054,2081,2101,2055,2080,2065,2101,2065,2126,2054,2061,2090,2066,2090,2079,
3,2029,2066,2055,2066,2077,2065,2041,2044,2067,2077,2056,2077,2017,2090,2053,2029,2067,2076,2041,2043,
4,2029,1969,2056,2029,2054,2066,2032,2064,2091,2041,2028,2054,2048,2020,2064,2015,2045,2043,2020,2051,
5,2019,2027,1972,2021,2019,1961,2031,2035,1980,2032,2059,1981,1968,1975,2016,1971,1981,1971,2019,2032,
6,1955,1995,1985,1885,1982,1973,1972,1995,1957,1922,1923,1922,1936,2020,1971,1979,1974,1934,1988,1984,
7,1899,1910,1922,1922,1887,1993,1885,1935,1899,1885,1949,1911,1936,1960,1897,1919,1896,1936,1983,1907,
8,1934,1909,1935,1963,1924,1923,1996,1948,1909,1924,1924,1899,1925,1913,1936,1946,1848,1921,1910,1935,
9,1847,1896,1885,1933,1846,1887,1901,1910,1899,1920,1859,1923,1896,1933,1910,1932,1886,1900,1883,1872,
10,1898,1934,1899,1885,1896,1873,1884,1870,1861,1911,1923,1874,1887,1933,1862,1872,1837,1898,1860,1898,
11,1923,1897,1859,1823,1861,1896,1875,1896,1956,1921,1921,1920,1910,1871,1874,1862,1909,1861,1848,1882,
12,1884,1886,1908,1872,1921,1847,1884,1850,1862,1887,1861,1835,1884,1968,1896,1860,1897,1872,1931,1884,
13,1862,1873,1847,1898,1835,1895,1922,1898,1875,1896,1932,1864,1897,1911,1910,1871,1908,1873,1934,1933,
14,1859,1912,2005,1872,1872,1887,1919,1836,1897,1918,1907,1898,1899,1837,1900,1886,1849,1874,1895,1940,
15,1958,1835,1921,1911,1863,1923,1873,1886,1886,1899,1899,1862,1919,1910,1869,1872,1834,1895,1910,1920,
16,1883,1861,1874,1922,1859,1937,1885,1886,1884,1873,1862,1860,1897,1910,1884,1861,1911,1872,1848,1877,
17,1902,1873,1872,1922,1945,1897,1911,1908,1970,1948,1910,1872,1933,1850,1885,1860,1825,1886,1949,1885,
18,1936,1873,1860,1873,1858,1936,1884,1934,1898,1896,1945,1924,1899,1947,1885,1935,1959,1885,1920,1921,
19,1850,1884,1860,1836,1924,1920,1934,1898,1935,1873,1872,1860,1836,1873,1932,1885,1935,1913,1897,1873,
20,1949,1887,1946,1948,1911,1945,1931,1885,1897,1983,1897,1946,1966,1919,1996,1896,1909,1951,1849,1884,
21,1884,1888,1882,1895,1873,1870,1860,1931,1871,1873,1885,1945,1921,1898,1896,1933,1923,1913,1923,1923,
22,1848,1871,1896,1886,1887,1945,1943,1994,1874,1942,1861,1847,1895,1872,1875,1885,1873,1886,1934,1909,
23,1897,1848,1907,1913,1919,1920,1849,1897,1858,1918,1872,1870,1898,1921,1925,1934,1873,1869,1921,1869,
24,1885,1958,1969,1872,1848,1849,1910,1945,1933,1873,1909,1886,1924,1898,1899,1874,1911,1885,1862,1884,
25,1895,1873,1922,1912,1944,1911,1900,1886,1910,1911,1872,1911,1921,1922,1898,1912,1862,1861,1899,1873,
26,1921,1906,1874,1914,1911,1947,1935,1872,1884,1836,1911,1923,1896,1971,1872,1957,1931,1982,1920,1935,
27,1897,1937,1909,1930,1885,1923,1896,1959,1834,1905,1848,1886,1921,1862,1923,1948,1908,1896,1908,1859,
28,1920,1934,1911,1861,1921,1909,1884,1836,1871,1887,1981,1970,1896,1922,1922,1897,1874,1906,1969,1897,
29,1884,1934,1898,1873,1887,1882,1926,1885,1911,1922,1897,1887,1894,1933,1886,1935,1943,1895,1909,1884,
30,1895,1921,1907,1871,1851,1935,1895,1944,1911,1884,1907,1907,1934,1948,1913,1899,1860,1921,1907,1933,
