1,1872,1877,1893,1889,1878,1854,1868,1841,1869,1866,1871,1882,1868,1885,1854,1872,1865,1871,1880,1872,
2,1866,1880,1874,1842,1869,1868,1853,1861,1848,1865,1867,1851,1867,1839,1868,1860,1864,1857,1860,1836,
3,1860,1840,1870,1842,1831,1840,1856,1843,1825,1857,1846,1868,1828,1831,1834,1815,1800,1868,1833,1817,
4,1848,1818,1815,1799,1809,1816,1837,1807,1816,1780,1778,1844,1811,1824,1833,1773,1842,1806,1852,1830,
5,1807,1807,1831,1784,1768,1794,1764,1800,1800,1819,1788,1802,1788,1717,1813,1749,1762,1761,1788,1725,
6,1773,1720,1772,1795,1769,1788,1774,1734,1716,1784,1756,1770,1752,1743,1790,1728,1767,1770,1780,1770,
7,1777,1713,1760,1773,1749,1733,1753,1755,1752,1774,1741,1756,1796,1766,1759,1785,1766,1746,1736,1774,
8,1734,1747,1743,1739,1718,1781,1724,1759,1753,1729,1749,1735,1715,1770,1733,1752,1761,1723,1743,1745,
9,1741,1753,1756,1730,1753,1763,1756,1732,1756,1746,1761,1798,1742,1786,1743,1714,1747,1721,1774,1802,
10,1764,1763,1729,1727,1762,1772,1744,1747,1751,1747,1781,1745,1721,1744,1773,1757,1768,1774,1731,1761,
11,1729,1779,1788,1779,1742,1729,1778,1795,1759,1773,1762,1747,1757,1749,1726,1765,1755,1767,1745,1712,
12,1760,1714,1770,1806,1745,1752,1781,1723,1763,1742,1752,1746,1764,1773,1776,1768,1753,1770,1741,1757,
13,1778,1749,1724,1733,1785,1807,1764,1793,1766,1762,1748,1716,1734,1759,1741,1765,1746,1744,1769,1760,
14,1771,1757,1752,1786,1790,1758,1734,1746,1731,1785,1725,1744,1736,1788,1753,1761,1730,1761,1745,1752,
15,1777,1778,1737,1742,1762,1742,1779,1776,1739,1777,1740,1748,1752,1763,1730,1758,1763,1737,1745,1741,
16,1786,1761,1741,1763,1741,1788,1785,1775,1757,1754,1736,1728,1747,1751,1746,1744,1762,1774,1769,1736,
17,1756,1771,1733,1757,1769,1746,1774,1731,1750,1718,1748,1738,1769,1762,1798,1770,1752,1763,1760,1737,
18,1752,1766,1776,1799,1783,1748,1765,1755,1747,1786,1788,1797,1747,1807,1790,1780,1769,1796,1765,1738,
19,1786,1749,1751,1764,1759,1743,1760,1793,1749,1770,1748,1777,1800,1790,1769,1741,1752,1787,1756,1759,
20,1715,1784,1787,1748,1753,1746,1750,1774,1737,1781,1806,1772,1789,1740,1757,1752,1778,1785,1743,1756,
21,1784,1769,1770,1759,1767,1771,1746,1767,1724,1770,1744,1742,1755,1760,1772,1752,1779,1746,1758,1753,
22,1716,1781,1800,1802,1750,1746,1729,1792,1757,1759,1760,1736,1814,1777,1761,1755,1759,1743,1728,1802,
23,1784,1772,1773,1744,1731,1794,1765,1782,1774,1769,1760,1744,1760,1765,1796,1764,1739,1769,1764,1768,
24,1761,1766,1759,1756,1780,1749,1756,1801,1716,1776,1776,1781,1785,1742,1762,1799,1758,1760,1759,1745,
25,1740,1802,1771,1774,1748,1724,1774,1739,1758,1727,1816,1720,1752,1743,1742,1761,1745,1778,1737,1771,
26,1765,1745,1766,1738,1739,1752,1755,1730,1769,1756,1782,1766,1786,1800,1766,1790,1800,1738,1760,1776,
27,1830,1737,1789,1734,1781,1757,1781,1774,1754,1776,1762,1736,1788,1767,1716,1724,1800,1731,1755,1764,
28,1784,1801,1793,1753,1728,1767,1742,1757,1765,1780,1757,1760,1818,1780,1774,1778,1764,1758,1713,1771,
29,1776,1743,1784,1789,1782,1764,1747,1768,1783,1810,1747,1781,1733,1733,1796,1745,1792,1777,1823,1773,
30,1779,1732,1759,1734,1741,1757,1761,1780,1744,1745,1753,1749,1758,1813,1751,1745,1752,1766,1765,1767,
