1,897,940,915,920,940,897,918,939,935,914,917,916,915,916,940,893,894,914,911,940,
2,915,939,916,937,896,945,920,910,891,915,912,870,915,871,919,939,920,912,914,917,
3,916,942,918,939,915,916,919,914,918,895,939,869,914,916,943,941,899,940,898,871,
4,852,850,828,874,876,809,834,823,898,849,873,808,868,850,873,827,784,808,760,844,
5,805,785,781,767,830,783,783,744,758,762,736,737,783,787,763,786,783,762,789,829,
6,711,738,759,760,760,740,716,750,765,713,748,715,742,782,742,701,716,757,759,748,
7,739,691,723,713,760,714,738,739,694,719,722,738,716,697,740,704,718,716,736,764,
8,723,716,697,759,738,765,739,720,758,711,737,714,744,736,725,696,743,743,736,715,
9,735,768,692,739,721,758,740,744,717,713,781,744,717,737,711,738,738,760,737,719,
10,737,713,739,715,713,715,735,746,741,716,759,733,764,716,744,716,741,742,738,712,
11,722,724,741,764,736,743,767,735,742,754,734,736,716,757,719,762,735,740,742,745,
12,757,741,735,742,717,764,720,715,768,760,759,735,717,746,721,720,739,742,740,740,
13,743,769,763,719,738,715,717,700,740,715,744,807,714,755,762,758,702,756,694,740,
14,741,760,766,719,720,759,721,740,743,716,721,743,773,761,785,717,735,712,716,761,
15,718,688,741,761,764,724,740,739,770,741,739,720,763,791,768,740,764,734,742,743,
16,721,743,736,739,737,717,740,737,761,717,790,724,740,761,737,715,782,702,746,757,
17,712,737,786,714,757,696,737,714,742,765,746,726,693,743,714,743,719,742,736,734,
18,735,757,748,709,761,714,722,738,745,763,739,743,765,740,716,721,761,720,763,719,
19,785,746,716,763,739,720,718,761,700,827,748,740,717,718,716,743,725,739,714,761,
20,689,741,741,740,736,739,735,726,786,735,765,688,761,735,721,739,740,763,698,741,
21,718,737,740,742,770,738,738,761,712,741,742,760,737,739,742,736,718,738,723,765,
22,770,743,759,717,765,738,766,759,759,757,740,741,714,715,716,744,740,790,737,784,
23,746,741,761,739,760,769,745,745,738,737,735,737,736,760,723,734,741,739,694,739,
24,740,759,778,767,736,719,740,739,714,761,786,731,786,732,740,740,740,760,767,744,
25,763,761,739,719,760,739,717,766,742,762,720,698,759,744,761,739,786,761,767,764,
26,760,737,813,719,757,742,758,739,697,716,761,760,759,741,742,734,737,741,717,742,
27,770,741,758,741,759,762,766,757,718,785,715,741,741,782,734,767,766,745,742,718,
28,763,716,742,714,758,761,740,741,722,744,757,744,761,714,721,737,756,748,716,740,
29,765,718,784,715,741,741,715,693,767,757,763,714,740,760,734,765,733,739,697,743,
30,741,784,770,761,722,737,746,763,734,757,756,789,742,784,738,764,720,747,741,760,
