1,702,711,708,707,702,703,705,703,702,705,706,703,706,703,707,704,705,704,705,710,
2,675,663,707,683,697,699,678,704,695,700,686,682,673,683,709,694,685,700,693,704,
3,655,652,651,654,651,661,641,633,626,614,639,623,660,622,624,643,657,656,640,657,
4,644,637,614,628,627,646,639,625,614,615,627,614,618,668,633,634,612,651,650,617,
5,612,611,624,654,631,616,613,644,614,630,640,635,640,629,649,627,629,627,616,627,
6,632,631,645,633,631,624,625,620,634,627,637,622,632,632,627,632,623,629,638,636,
7,640,614,637,635,620,635,629,654,632,643,621,656,627,629,636,659,627,629,633,645,
8,625,627,653,633,622,615,624,646,628,622,633,628,634,626,635,626,645,647,649,625,
9,629,639,654,651,630,636,625,639,636,634,626,638,650,629,619,623,611,660,639,627,
10,637,632,629,652,677,636,625,628,636,613,626,652,652,642,637,626,622,635,631,626,
11,626,644,637,646,628,614,623,630,644,626,639,630,627,631,639,643,629,634,646,629,
12,644,625,630,628,637,624,628,613,650,624,629,616,617,615,644,628,636,654,639,632,
13,635,616,623,653,655,643,627,652,642,626,646,630,660,664,629,638,656,623,644,642,
14,628,623,643,632,641,668,640,635,635,632,651,633,632,650,611,633,629,626,653,623,
15,641,657,643,609,628,631,615,629,630,642,648,641,649,631,628,611,636,644,613,627,
16,640,618,644,626,627,617,648,616,638,624,663,642,616,630,642,625,650,615,626,656,
17,652,629,649,641,648,650,638,639,626,642,626,638,620,625,662,644,649,669,652,627,
18,627,629,653,645,626,638,621,611,625,625,642,614,627,630,646,648,631,618,641,611,
19,626,630,628,632,653,640,634,653,642,624,617,637,626,615,623,627,639,628,622,648,
20,655,625,622,641,635,628,623,638,653,673,625,649,652,617,634,619,643,641,625,643,
21,652,618,663,619,621,626,648,634,655,642,642,636,642,626,626,628,645,634,634,629,
22,640,655,679,641,654,629,626,629,616,668,645,653,650,627,631,645,642,631,639,631,
23,636,641,628,614,618,632,633,629,638,646,666,630,649,633,624,622,625,625,636,625,
24,631,631,627,639,652,631,650,634,642,654,633,648,634,654,633,625,662,631,629,655,
25,625,663,651,676,640,638,628,629,654,658,646,638,647,639,640,641,623,625,622,630,
26,651,623,641,636,649,626,629,618,638,634,628,641,643,641,627,651,654,637,619,649,
27,629,631,652,613,640,661,655,650,648,652,651,643,645,640,657,653,634,631,647,631,
28,627,657,653,633,647,643,651,665,641,640,650,633,636,634,636,633,627,629,660,614,
29,622,652,637,649,655,636,640,644,659,638,640,629,663,660,647,626,633,643,663,667,
30,635,638,648,649,640,613,644,644,638,646,631,625,628,648,622,652,640,635,629,633,
