1,2184,2187,2148,2190,2149,2187,2187,2151,2187,2190,2187,2187,2184,2190,2145,2148,2186,2196,2187,2188,
2,2185,2190,2186,2189,2190,2185,2182,2191,2151,2193,2186,2191,2187,2184,2189,2189,2148,2145,2144,2184,
3,2194,2183,2189,2188,2187,2147,2189,2154,2183,2193,2148,2191,2147,2197,2193,2189,2186,2186,2184,2182,
4,2189,2188,2191,2189,2147,2195,2189,2192,2201,2103,2143,2194,2154,2189,2188,2112,2192,2142,2183,2190,
5,2189,2146,2146,2190,2111,2190,2149,2183,2187,2190,2185,2149,2155,2153,2186,2190,2189,2186,2151,2191,
6,2193,2152,2186,2146,2031,2148,2154,2156,2151,2124,2152,2145,2074,2188,2145,2153,2154,2191,2188,2189,
7,2114,2104,2078,2073,2151,2148,2122,2035,2036,2144,2071,2149,2150,2154,2147,2152,2151,2068,2143,2154,
8,2078,2120,2075,1998,2041,2076,2077,1970,1998,2077,2080,2080,2046,2039,2115,2078,2121,2082,2080,2078,
9,2119,2011,1999,1934,2048,2045,1929,2045,2114,1997,1997,2078,2007,1891,1998,1930,2112,1925,2037,2075,
10,1926,1929,1930,1999,1967,2039,1997,1888,2080,2001,2035,2001,2002,2003,1965,1969,1892,2075,2002,2075,
11,1924,2039,1925,2002,2043,1891,1999,2034,1963,1998,1964,1928,2000,1927,1890,1960,1925,1925,2037,1926,
12,1924,1923,1934,1891,1927,1966,1925,1998,1890,1925,1927,2005,1960,1967,1927,2004,2044,1968,1932,1889,
13,1972,1962,1927,1968,1965,1997,2011,1933,1886,1927,1927,1891,1996,1924,1888,1965,2047,1979,1928,1890,
14,1921,1893,1928,1926,1932,1964,1932,1892,1931,1958,2005,1890,2004,1967,2005,1890,1891,1893,1887,1930,
15,1927,1935,1929,1963,1924,1929,2038,1922,1928,1930,2002,1887,1963,1887,1968,1962,1928,1966,1923,1926,
16,1890,1927,1931,1967,1924,1962,1967,1885,1888,1926,1927,1920,1929,1892,1921,1966,1969,1889,1925,1921,
17,1924,1927,1887,1888,1893,1933,1965,1931,1964,1965,1924,1926,1927,2080,1960,2005,1885,2003,1888,1965,
18,1925,1931,1887,1932,1885,1929,1968,1896,1893,1963,1969,1933,1971,1891,1930,1935,1963,1961,1931,1930,
19,1887,1929,1889,1928,1927,1889,1967,1928,1962,1932,1925,1889,1920,1923,1928,1929,2031,1922,1930,1892,
20,1965,1963,1889,1928,1889,1966,1930,1893,1927,1884,1920,1885,1929,1886,1889,1892,1928,1892,1920,1885,
21,1959,1892,1922,1926,1923,1893,1971,1894,1937,1929,1924,1929,1928,1929,1924,1891,1893,1965,1960,1891,
22,1966,1930,1968,1959,2000,1927,1962,1897,1885,1959,1962,1971,1928,1934,2004,1921,1926,1900,1890,1925,
23,1895,1933,1924,1886,1894,1971,1890,1964,1968,1963,1925,1932,2006,1961,1925,1968,1931,1967,1966,1917,
24,1966,1886,1923,1969,1967,1997,1925,1923,1926,1894,1886,1926,2006,1964,1933,1924,1968,1925,1965,1926,
