1,2415,2423,2366,2413,2374,2411,2411,2376,2417,2415,2415,2411,2409,2413,2413,2417,2417,2377,2420,2414,
2,2415,2411,2414,2413,2412,2417,2372,2408,2415,2377,2413,2416,2423,2416,2411,2422,2416,2372,2372,2418,
3,2411,2372,2415,2419,2415,2417,2415,2420,2424,2416,2375,2377,2409,2416,2366,2408,2416,2415,2417,2408,
4,2415,2421,2372,2417,2368,2418,2416,2411,2370,2410,2421,2418,2419,2419,2414,2371,2415,2369,2419,2423,
5,2412,2426,2376,2414,2374,2418,2371,2417,2421,2421,2418,2416,2427,2374,2333,2413,2337,2413,2414,2377,
6,2379,2420,2368,2372,2380,2384,2420,2332,2423,2344,2375,2413,2374,2421,2375,2376,2417,2374,2423,2376,
7,2414,2374,2378,2419,2372,2331,2291,2419,2367,2289,2329,2368,2332,2340,2374,2374,2295,2290,2338,2202,
8,2253,2331,2332,2294,2208,2293,2207,2291,2247,2294,2331,2299,2334,2255,2337,2338,2289,2215,2369,2337,
9,2209,2211,2297,2253,2253,2255,2290,2249,2294,2248,2252,2333,2289,2167,2294,2211,2291,2211,2165,2209,
10,2178,2131,2209,2253,2098,2169,2167,2250,2169,2209,2260,2251,2083,2172,2215,2086,2249,2177,2170,2212,
11,2176,2086,2123,2163,2173,2210,2165,2209,2174,2205,2171,2132,2135,2135,2123,2087,2178,2166,2170,2167,
12,2210,2132,2203,2134,2248,2126,2219,2130,2128,2166,2174,2132,2086,2126,2212,2084,2127,2126,2131,2088,
13,2130,2173,2090,2128,2173,2129,2215,2086,2168,2081,2207,2127,2091,2171,2088,2089,2092,2129,2172,2131,
14,2085,2085,2096,2127,2133,2091,2083,2134,2082,2127,2171,2084,2129,2128,2134,2125,2134,2089,2090,2081,
15,2176,2130,2131,2167,2085,2086,2122,2083,2132,2130,2128,2126,2127,2129,2176,2085,2085,2129,2089,2132,
16,2088,2081,2125,2128,2162,2132,2118,2126,2126,2168,2088,2084,2124,2082,2127,2089,2090,2080,2128,2123,
17,2212,2129,2170,2125,2123,2126,2130,2085,2098,2135,2136,2083,2087,2169,2128,2174,2080,2173,2079,2129,
18,2120,2212,2089,2130,2083,2130,2169,2083,2131,2131,2172,2137,2126,2084,2135,2132,2125,2085,2128,2089,
19,2171,2167,2254,2089,2129,2138,2125,2081,2128,2134,2129,2218,2133,2170,2088,2094,2087,2171,2135,2091,
20,2167,2128,2171,2214,2088,2089,2082,2164,2124,2087,2130,2174,2131,2080,2134,2094,2094,2085,2085,2124,
21,2127,2130,2088,2124,2174,2083,2211,2136,2180,2131,2127,2167,2217,2087,2087,2088,2125,2169,2090,2127,
22,2128,2131,2125,2170,2088,2170,2089,2120,2168,2083,2130,2132,2173,2090,2126,2128,2175,2135,2172,2085,
23,2164,2171,2130,2173,2087,2126,2085,2174,2126,2170,2126,2132,2166,2212,2088,2174,2131,2175,2085,2134,
24,2125,2126,2088,2087,2130,2132,2138,2212,2218,2173,2134,2170,2124,2129,2127,2129,2090,2084,2213,2139,
25,2130,2173,2085,2129,2216,2134,2086,2128,2128,2134,2093,2167,2133,2126,2172,2087,2170,2085,2131,2177,
26,2172,2133,2131,2133,2138,2091,2136,2090,2177,2129,2124,2180,2127,2089,2091,2125,2089,2084,2169,2083,
27,2132,2167,2087,2088,2084,2087,2081,2085,2178,2121,2131,2165,2126,2128,2136,2091,2131,2088,2168,2131,
28,2172,2172,2168,2094,2174,2129,2085,2086,2138,2137,2088,2088,2176,2176,2175,2220,2131,2181,2136,2086,
29,2125,2127,2089,2133,2136,2170,2175,2127,2178,2083,2133,2134,2173,2168,2134,2171,2130,2128,2126,2122,
30,2177,2172,2172,2164,2135,2169,2170,2087,2174,2087,2089,2089,2134,2169,2133,2178,2138,2089,2179,2168,
