1	696	782	695	819	778	739	783	699	822	778	737	741	736	819	819	738	698	862	697	778
2	738	741	739	822	698	696	780	817	781	819	778	817	820	825	819	862	737	781	778	821
3	819	779	777	697	779	778	779	818	697	696	698	696	784	736	820	822	779	778	784	779
4	780	734	776	862	778	696	698	783	823	737	863	783	701	824	820	740	777	779	816	739
5	779	739	863	858	738	859	819	739	743	777	698	818	697	700	700	698	698	738	858	781
6	653	655	741	655	696	737	654	654	696	742	698	737	736	614	738	738	694	817	614	655
7	734	698	655	612	696	616	571	696	701	657	529	572	614	533	573	658	611	693	572	616
8	489	533	530	529	611	491	530	576	490	527	613	571	531	488	614	570	697	657	616	652
9	572	571	614	533	488	486	528	533	529	612	531	534	489	578	530	574	531	573	491	485
10	451	452	488	579	489	527	490	531	572	532	533	490	451	447	534	570	447	487	449	610
11	486	491	493	491	489	448	495	447	570	449	571	406	489	485	491	451	531	488	491	571
12	447	446	490	488	488	488	526	447	445	529	445	489	531	487	531	486	445	442	528	494
13	565	535	532	447	530	447	445	490	489	410	486	490	446	451	447	491	491	405	445	488
14	529	526	450	492	490	487	442	446	408	450	405	485	449	405	488	446	445	448	526	487
15	447	447	405	443	489	483	450	487	444	447	484	446	449	448	484	443	448	443	447	447
16	493	530	446	408	528	485	532	489	487	572	528	528	446	444	483	490	445	527	488	446
17	404	450	489	407	528	446	447	527	453	533	534	487	445	488	490	492	490	491	485	488
18	443	533	487	531	536	488	403	490	488	490	444	489	441	444	569	617	448	445	482	448
19	450	408	493	523	402	485	447	488	573	494	574	533	406	485	444	444	446	525	447	488
20	612	490	442	488	447	533	446	572	406	530	447	448	443	525	446	529	443	531	527	484
21	529	524	488	530	405	448	489	445	490	485	526	492	449	491	488	533	489	525	484	523
22	444	487	528	493	488	488	452	530	444	483	530	450	443	492	493	448	446	484	406	447
23	443	528	445	446	487	486	448	573	492	488	447	448	572	440	535	531	446	490	448	490
24	489	491	450	446	526	531	528	487	532	483	529	443	486	487	488	448	488	489	483	487
25	450	488	528	528	525	486	566	450	451	488	531	406	448	486	530	445	403	487	533	529
26	495	449	444	489	488	529	492	486	450	529	491	405	526	570	489	616	449	444	532	495
27	490	530	531	490	446	532	527	577	491	571	482	485	493	404	568	491	491	530	491	449
28	446	525	484	489	490	526	571	451	534	447	487	490	530	495	522	529	449	447	403	482
29	527	490	484	449	494	484	527	445	489	574	527	530	488	444	529	404	527	405	448	535
30	529	487	532	446	448	488	526	485	570	489	565	491	487	527	530	443	493	567	444	448
