1,2981,2979,2936,2991,2990,2980,2978,2930,2931,2981,2931,2982,2984,2982,2979,2978,2986,2982,2988,2932,
2,2989,2931,2925,2985,2990,2932,2940,2989,2980,2981,2989,2927,2982,2983,2991,2984,2936,2988,2986,2991,
3,2982,2992,2938,2987,2987,2932,2982,2987,2987,2986,2985,2984,2936,2934,2933,2979,2937,2995,2990,2990,
4,2984,2990,2930,2996,2985,2985,2983,2931,2980,2987,2935,2993,2996,2939,2988,2987,2985,2934,2930,2994,
5,2988,2986,2983,2983,2991,2938,2991,2929,2989,2984,2989,2997,2989,2934,2984,2983,2997,2986,2992,2987,
6,2930,2989,2989,2986,2985,2985,2932,2933,2931,2932,2983,2932,2988,2980,2933,2979,2935,2880,2993,2984,
7,2989,2989,2933,2984,2983,2933,2988,2934,2989,2934,2986,2983,2935,2927,2983,2940,2989,2932,2927,2939,
8,2936,2931,2987,2928,2894,2783,2989,2990,2932,2881,2992,2937,2876,2938,2940,2939,2937,2991,2934,2881,
9,2880,2994,2934,2932,2937,2780,2779,2938,2835,2938,2939,2832,2781,2882,2992,2884,2835,2940,2942,2937,
10,2740,2890,2886,2791,2777,2786,2938,2887,2785,2728,2734,2788,2783,2840,2832,2881,2878,2725,2884,2884,
11,2887,2738,2785,2730,2790,2735,2734,2782,2726,2879,2781,2833,2780,2732,2827,2627,2838,2834,2726,2737,
12,2729,2789,2733,2781,2784,2783,2630,2732,2777,2736,2729,2630,2625,2678,2727,2683,2683,2627,2727,2681,
13,2683,2737,2729,2625,2735,2631,2631,2635,2792,2791,2678,2679,2734,2730,2736,2633,2786,2578,2687,2681,
14,2625,2683,2683,2681,2683,2683,2625,2630,2578,2582,2576,2572,2678,2576,2786,2679,2675,2626,2623,2633,
15,2630,2681,2729,2628,2684,2676,2624,2578,2626,2627,2576,2783,2684,2576,2577,2684,2630,2684,2785,2632,
16,2625,2620,2628,2573,2573,2575,2629,2628,2577,2682,2630,2577,2628,2626,2573,2676,2675,2631,2631,2626,
17,2631,2578,2575,2678,2735,2574,2628,2579,2633,2577,2630,2626,2577,2629,2579,2576,2685,2630,2569,2737,
18,2630,2684,2578,2580,2628,2633,2684,2629,2624,2577,2732,2681,2635,2632,2627,2625,2627,2577,2628,2626,
19,2627,2688,2678,2626,2632,2629,2579,2576,2679,2685,2630,2628,2625,2575,2633,2628,2635,2631,2632,2634,
20,2632,2680,2624,2573,2631,2676,2626,2629,2674,2628,2678,2633,2624,2577,2630,2583,2679,2626,2676,2633,
21,2639,2630,2681,2630,2631,2627,2632,2629,2630,2626,2633,2785,2629,2574,2691,2674,2627,2628,2619,2628,
22,2631,2679,2623,2574,2626,2629,2682,2630,2576,2684,2679,2632,2576,2629,2677,2583,2683,2627,2734,2576,
23,2625,2624,2570,2625,2575,2624,2785,2628,2627,2686,2636,2624,2574,2628,2677,2628,2580,2579,2623,2678,
24,2627,2575,2638,2625,2734,2624,2680,2681,2628,2577,2630,2677,2632,2630,2677,2734,2580,2631,2573,2623,
25,2682,2629,2634,2635,2575,2640,2578,2684,2680,2579,2635,2632,2632,2634,2575,2683,2577,2635,2629,2682,
26,2573,2575,2634,2577,2627,2636,2629,2626,2634,2680,2624,2631,2581,2575,2575,2631,2574,2639,2625,2787,
27,2685,2585,2734,2579,2686,2574,2628,2573,2571,2636,2575,2632,2687,2626,2571,2678,2576,2632,2636,2631,
28,2676,2574,2728,2582,2629,2576,2630,2574,2625,2734,2634,2683,2626,2689,2578,2685,2682,2680,2635,2630,
29,2684,2685,2570,2581,2578,2576,2577,2682,2627,2631,2736,2688,2632,2570,2682,2688,2680,2584,2570,2677,
30,2632,2635,2684,2626,2623,2729,2736,2630,2727,2578,2576,2632,2631,2629,2574,2627,2639,2639,2689,2675,
