1,2081,2074,2076,2043,2078,2108,2048,2075,2109,2045,2076,2075,2103,2048,2074,2043,2072,2074,2112,2079,
2,2074,2050,2073,2046,2075,2042,2111,2074,2074,2049,2107,2081,2082,2076,2072,2076,2107,2043,2079,2047,
3,2050,2048,2071,2077,2075,2077,2074,2077,2076,2073,2076,2045,2107,2075,2072,2073,2077,2047,2106,2076,
4,2050,2077,2079,2080,2043,2081,2071,2056,2047,2111,2048,2071,2070,2068,2108,2074,2078,2072,2077,2107,
5,2076,2046,2042,2075,2045,2079,2043,2046,2047,2047,2047,2044,2045,2056,2040,2045,2049,2036,2075,2079,
6,2041,2078,2081,2040,2050,2049,2076,2040,2041,2050,2037,2045,2044,2048,2041,2044,2048,2039,2043,2047,
7,2041,2052,2045,2042,2052,2041,2035,2048,2040,2040,2041,2045,2045,2045,2080,2041,2041,2040,2043,2048,
8,2044,2077,2034,2042,2049,2046,2047,2044,2042,2043,2042,2046,2043,2045,2040,2044,2040,2075,2051,2050,
9,2050,2046,2047,2042,2038,2073,2045,2043,2040,2039,2037,2043,2070,2039,2045,2050,2041,2043,2038,2078,
10,2043,2041,2044,2039,2042,2039,2048,2046,2043,2045,2042,2048,2044,2046,2076,2046,2044,2048,2053,2074,
11,2045,2042,2037,2072,2046,2043,2044,2041,2046,2045,2035,2052,2047,2047,2046,2041,2045,2044,2040,2052,
12,2051,2051,2073,2043,2040,2043,2045,2075,2040,2046,2041,2041,2042,2040,2050,2072,2043,2079,2048,2047,
13,2046,2049,2046,2041,2046,2047,2043,2079,2073,2072,2048,2041,2042,2046,2045,2044,2071,2047,2069,2042,
14,2042,2044,2042,2072,2044,2052,2039,2048,2044,2047,2039,2040,2041,2042,2052,2038,2037,2043,2053,2041,
15,2039,2069,2080,2040,2050,2045,2043,2044,2041,2042,2046,2043,2077,2042,2044,2076,2049,2042,2043,2045,
16,2038,2046,2048,2045,2043,2041,2038,2070,2071,2049,2046,2074,2040,2047,2073,2049,2037,2052,2041,2076,
17,2043,2084,2043,2042,2043,2041,2046,2045,2068,2051,2044,2047,2043,2036,2040,2044,2053,2048,2072,2052,
18,2042,2045,2042,2043,2047,2045,2042,2051,2043,2050,2043,2046,2046,2049,2047,2045,2076,2044,2044,2043,
19,2048,2049,2038,2106,2045,2046,2074,2044,2039,2070,2041,2046,2041,2039,2043,2045,2055,2042,2042,2048,
20,2037,2043,2044,2045,2056,2043,2047,2050,2041,2046,2054,2036,2049,2076,2047,2053,2045,2044,2046,2039,
21,2044,2039,2038,2046,2078,2053,2044,2039,2045,2048,2042,2044,2075,2045,2041,2043,2038,2043,2046,2048,
22,2041,2046,2045,2042,2078,2074,2051,2073,2078,2038,2050,2038,2069,2078,2049,2047,2047,2050,2044,2044,
23,2046,2048,2075,2047,2045,2042,2077,2073,2047,2046,2043,2042,2047,2040,2043,2051,2045,2047,2053,2047,
24,2047,2044,2044,2071,2042,2069,2044,2080,2046,2048,2040,2052,2044,2042,2044,2043,2043,2047,2049,2101,
25,2048,2068,2044,2040,2043,2045,2047,2056,2047,2039,2046,2053,2057,2043,2043,2045,2041,2035,2042,2078,
26,2074,2047,2054,2042,2050,2072,2040,2048,2052,2044,2074,2080,2075,2045,2046,2044,2072,2040,2045,2044,
27,2040,2044,2042,2044,2079,2041,2038,2045,2073,2040,2044,2044,2043,2041,2069,2045,2045,2040,2072,2047,
28,2043,2047,2076,2044,2049,2072,2078,2046,2076,2047,2041,2073,2046,2046,2042,2074,2046,2075,2053,2071,
29,2040,2043,2045,2045,2069,2044,2042,2071,2118,2036,2052,2042,2042,2044,2041,2045,2077,2044,2051,2080,
30,2046,2043,2045,2047,2042,2047,2047,2073,2048,2050,2047,2072,2079,2043,2078,2044,2045,2050,2039,2041,
