1,245987,246042,246038,246039,246041,246044,245985,245989,245991,246041,246040,246040,246036,246043,245989,246042,245991,245984,245990,246043,
2,246044,246046,246036,246040,246047,246042,246042,246047,246040,245981,246048,246042,246043,245996,245987,245986,246042,246039,246043,245985,
3,246045,246040,245987,246040,246046,246042,246038,245986,246045,246049,245988,246039,245987,245988,246048,246045,245988,245988,246041,246049,
4,246045,246055,246037,246048,245990,246041,246037,246056,246046,246046,246048,246046,246049,246042,246042,245987,246040,246044,246046,245987,
5,245990,246042,246044,246045,246045,246049,246044,246046,245986,246040,246046,246049,245984,245987,246046,245985,245993,245992,245998,246042,
6,246042,246041,246039,246043,245993,246048,246044,245989,246039,246043,246044,246048,246043,246042,246042,246048,246042,246046,245986,246043,
7,245986,245989,245988,245993,246040,246039,245990,245993,246047,245937,246041,246040,246046,246040,245991,246040,245988,245991,246042,246045,
8,245943,246047,245936,245993,245890,246043,246037,245937,246052,245840,245937,246052,245987,245940,246041,246039,245991,245994,245993,246038,
9,245878,245889,246039,245838,245943,245984,245987,245886,245884,245992,245839,245987,245984,245945,245986,245941,246046,245884,245885,245990,
10,245793,245940,245843,245834,245827,245683,245888,245988,245943,245996,245937,245828,245992,245885,245938,245993,245834,245890,245777,245931,
11,245834,245732,245831,245837,245888,245781,245842,245933,245997,245834,245780,245784,245941,245840,245886,245932,245735,245734,245884,245779,
12,245733,245931,245890,245777,245733,245989,245778,245837,245836,245732,245736,245781,245885,245833,245942,245835,245775,245842,245890,245886,
13,245626,245737,245729,245833,245788,245780,245888,245778,245682,245734,245828,245834,245671,245886,245681,245838,245785,245676,245835,245630,
14,245786,245778,245674,245893,245732,245679,245683,245732,245782,245674,245728,245682,245836,245777,245785,245784,245677,245679,245785,245835,
15,245786,245676,245731,245628,245629,245780,245736,245932,245790,245731,245837,245840,245626,245675,245733,245685,245681,245776,245782,245674,
16,245782,245733,245730,245676,245626,245674,245672,245729,245625,245736,245736,245737,245684,245789,245631,245735,245776,245688,245674,245678,
17,245672,245779,245733,245734,245629,245830,245726,245628,245736,245727,245676,245680,245628,245676,245627,245729,245782,245728,245677,245623,
18,245678,245677,245728,245679,245727,245785,245725,245786,245624,245780,245732,245673,245678,245791,245728,245732,245730,245624,245628,245684,
19,245674,245829,245743,245677,245726,245685,245792,245835,245784,245845,245727,245783,245726,245741,245628,245682,245731,245723,245737,245680,
20,245679,245837,245781,245740,245732,245833,245634,245677,245732,245729,245639,245732,245684,245837,245780,245787,245779,245781,245790,245731,
21,245779,245836,245728,245734,245837,245736,245774,245676,245679,245731,245683,245730,245676,245686,245834,245727,245624,245782,245732,245677,
22,245730,245786,245635,245729,245734,245691,245676,245623,245833,245730,245780,245737,245727,245677,245735,245680,245728,245784,245732,245783,
23,245680,245788,245681,245731,245730,245792,245733,245789,245736,245729,245728,245678,245732,245630,245788,245680,245679,245732,245782,245675,
24,245628,245632,245732,245845,245730,245675,245676,245784,245731,245731,245731,245622,245781,245678,245731,245672,245834,245726,245791,245732,
25,245729,245736,245679,245626,245728,245675,245677,245672,245792,245726,245635,245898,245731,245837,245675,245732,245677,245738,245781,245837,
26,245735,245680,245621,245729,245680,245627,245835,245788,245680,245679,245628,245782,245781,245729,245625,245788,245784,245686,245677,245784,
27,245830,245680,245683,245676,245737,245730,245741,245784,245788,245780,245794,245684,245678,245681,245784,245782,245680,245729,245630,245834,
28,245732,245684,245688,245776,245935,245728,245728,245727,245673,245835,245636,245733,245791,245785,245679,245731,245730,245673,245679,245782,
29,245730,245787,245723,245727,245785,245744,245726,245625,245675,245782,245893,245730,245785,245733,245731,245730,245786,245675,245730,245784,
30,245782,245740,245739,245671,245835,245730,245784,245683,245682,245787,245731,245789,245630,245729,245681,245682,245733,245675,245729,245789,
