1,1844,1808,1843,1846,1845,1845,1810,1815,1840,1841,1844,1813,1849,1843,1816,1842,1845,1842,1850,1845,
2,1848,1846,1843,1849,1839,1805,1848,1813,1842,1840,1844,1842,1841,1814,1846,1852,1845,1816,1841,1811,
3,1846,1851,1848,1843,1846,1848,1839,1842,1811,1848,1850,1817,1847,1845,1849,1811,1847,1847,1849,1839,
4,1845,1850,1848,1843,1819,1808,1840,1810,1843,1845,1848,1775,1811,1842,1820,1848,1845,1848,1849,1813,
5,1814,1818,1814,1815,1815,1820,1809,1816,1844,1844,1784,1848,1817,1848,1843,1814,1851,1851,1852,1730,
6,1786,1720,1760,1784,1826,1717,1723,1720,1720,1809,1752,1688,1720,1755,1756,1785,1787,1750,1698,1723,
7,1635,1723,1731,1692,1685,1719,1758,1724,1683,1721,1719,1717,1726,1754,1687,1728,1752,1698,1725,1698,
8,1692,1630,1661,1659,1629,1632,1659,1661,1661,1691,1664,1666,1663,1594,1725,1690,1597,1661,1658,1722,
9,1724,1691,1630,1628,1691,1656,1596,1697,1665,1625,1658,1626,1599,1626,1595,1725,1588,1721,1662,1630,
10,1599,1694,1627,1602,1629,1632,1591,1626,1718,1601,1620,1629,1665,1628,1595,1662,1629,1660,1600,1628,
11,1628,1657,1660,1627,1592,1635,1628,1626,1626,1633,1659,1624,1624,1624,1666,1600,1593,1628,1624,1596,
12,1629,1623,1625,1595,1632,1660,1664,1626,1656,1592,1631,1657,1655,1632,1636,1720,1630,1628,1636,1593,
13,1662,1597,1595,1631,1598,1598,1627,1628,1625,1630,1666,1660,1631,1625,1594,1631,1658,1693,1629,1599,
14,1598,1629,1630,1626,1625,1595,1592,1664,1595,1592,1628,1631,1594,1631,1600,1664,1629,1653,1629,1627,
15,1627,1631,1659,1629,1594,1628,1624,1632,1626,1631,1636,1595,1703,1689,1628,1600,1634,1632,1626,1592,
16,1689,1595,1597,1657,1664,1627,1628,1635,1662,1666,1657,1630,1592,1669,1629,1627,1625,1624,1664,1634,
17,1628,1624,1652,1633,1656,1630,1629,1634,1665,1660,1660,1631,1630,1624,1626,1594,1627,1631,1627,1627,
18,1628,1660,1598,1626,1595,1637,1664,1627,1601,1631,1627,1658,1633,1630,1597,1629,1651,1596,1660,1595,
19,1665,1628,1690,1627,1632,1693,1629,1598,1637,1598,1603,1630,1631,1661,1623,1595,1663,1651,1631,1627,
20,1598,1600,1627,1634,1668,1659,1628,1600,1627,1628,1601,1633,1601,1595,1626,1628,1635,1664,1624,1655,
21,1726,1592,1664,1622,1598,1621,1589,1662,1632,1653,1688,1624,1688,1596,1627,1625,1596,1628,1629,1633,
22,1660,1632,1630,1629,1596,1626,1626,1600,1693,1628,1631,1600,1629,1670,1623,1624,1651,1664,1663,1658,
23,1634,1624,1651,1660,1634,1630,1624,1631,1631,1632,1606,1668,1625,1628,1628,1620,1634,1634,1603,1662,
24,1662,1623,1688,1634,1628,1624,1628,1692,1669,1661,1623,1624,1628,1628,1661,1690,1661,1628,1631,1652,
25,1625,1609,1602,1624,1664,1627,1637,1628,1623,1635,1691,1629,1663,1629,1599,1628,1633,1632,1662,1597,
26,1662,1628,1601,1629,1633,1592,1658,1629,1694,1715,1594,1667,1663,1628,1630,1661,1699,1637,1631,1623,
27,1627,1626,1659,1629,1631,1634,1633,1599,1630,1666,1628,1655,1661,1652,1627,1662,1689,1664,1628,1630,
28,1666,1625,1595,1632,1600,1635,1629,1632,1627,1695,1662,1630,1627,1658,1599,1691,1624,1660,1659,1631,
29,1657,1629,1660,1629,1597,1601,1666,1629,1627,1627,1638,1668,1659,1689,1596,1624,1632,1662,1626,1592,
30,1632,1629,1631,1627,1627,1601,1662,1626,1636,1598,1662,1599,1691,1629,1633,1659,1691,1669,1695,1632,
