1,903,903,907,909,903,904,902,903,904,907,903,902,908,913,902,903,908,911,913,900,
2,903,907,909,908,905,904,904,910,906,908,911,906,904,905,909,917,913,913,911,907,
3,899,908,915,917,916,912,912,900,909,909,915,908,907,913,914,918,912,910,903,906,
4,907,910,908,915,905,904,909,914,909,906,905,909,908,910,908,912,918,905,906,906,
5,907,908,915,910,916,903,912,903,908,904,912,897,906,905,902,908,908,900,913,911,
6,900,906,906,902,913,910,911,920,915,912,911,910,921,905,913,910,901,911,909,911,
7,914,919,915,904,914,905,919,914,913,906,914,903,917,907,918,913,907,908,911,915,
8,915,907,918,910,912,905,918,916,913,908,922,913,910,914,911,913,910,915,904,916,
9,913,914,920,910,911,902,919,906,908,922,908,907,916,914,916,916,916,912,920,912,
10,916,916,903,918,910,919,911,911,913,915,915,912,912,914,915,913,914,918,910,915,
11,912,916,912,897,919,914,924,910,909,915,917,909,918,912,919,909,910,913,916,910,
12,907,925,913,919,911,907,913,914,911,904,908,914,915,914,913,910,903,905,904,922,
13,914,919,914,911,907,912,917,913,909,915,912,907,910,908,917,910,914,902,906,908,
14,909,906,908,912,912,910,911,920,910,913,910,913,921,907,905,922,918,910,911,914,
15,904,914,915,921,918,911,910,915,915,903,908,913,912,917,909,915,921,908,915,913,
16,908,912,920,912,917,913,919,909,914,914,916,923,914,903,917,919,914,912,912,912,
17,917,912,918,912,917,911,922,919,905,908,916,907,909,910,901,902,912,914,918,912,
18,912,923,910,910,918,915,909,910,926,912,910,916,913,915,914,924,913,914,905,914,
19,915,918,917,921,919,909,908,913,908,912,915,915,918,909,909,904,911,921,908,913,
20,910,909,917,908,923,919,910,919,916,917,911,914,904,912,906,912,913,914,917,918,
21,912,913,919,921,918,912,915,906,913,926,907,914,922,904,919,912,919,915,921,912,
22,911,909,908,915,920,914,917,912,914,911,904,917,901,921,909,917,915,918,909,923,
23,916,913,911,920,920,912,928,914,912,911,910,918,917,916,913,909,925,905,912,916,
24,915,905,914,918,916,915,917,909,912,914,905,906,907,916,922,915,913,909,913,913,
25,916,917,914,913,921,914,917,908,913,911,911,909,911,917,911,918,918,910,914,908,
26,910,921,914,914,915,914,914,909,907,914,914,913,917,917,918,914,914,915,915,913,
27,912,908,913,924,916,919,921,911,915,916,913,917,908,918,909,918,914,910,915,917,
28,915,923,923,911,907,911,914,914,919,918,914,912,903,906,925,911,917,913,906,912,
29,919,918,907,920,916,911,920,911,915,922,913,908,925,917,930,913,918,924,915,917,
30,902,915,906,911,924,913,917,912,922,914,914,917,920,907,907,913,916,918,913,915,
