1,1671,1676,1666,1671,1684,1663,1684,1692,1687,1668,1668,1668,1659,1668,1663,1667,1675,1691,1688,1662,
2,1684,1675,1661,1663,1657,1669,1650,1655,1656,1660,1681,1654,1679,1653,1653,1668,1676,1666,1650,1654,
3,1648,1666,1663,1646,1647,1657,1652,1666,1639,1654,1650,1653,1642,1653,1652,1655,1650,1666,1653,1655,
4,1652,1642,1637,1641,1649,1668,1640,1661,1654,1640,1646,1658,1641,1644,1641,1657,1647,1660,1649,1646,
5,1657,1647,1653,1642,1639,1640,1647,1641,1651,1659,1648,1666,1639,1643,1641,1643,1660,1641,1654,1651,
6,1654,1647,1658,1651,1659,1645,1646,1652,1653,1651,1674,1665,1649,1668,1650,1649,1648,1643,1643,1654,
7,1664,1645,1642,1670,1650,1653,1649,1651,1645,1654,1645,1649,1648,1650,1642,1643,1642,1649,1644,1644,
8,1641,1646,1648,1653,1652,1652,1643,1650,1655,1643,1643,1650,1643,1651,1664,1665,1660,1652,1651,1645,
9,1667,1649,1645,1657,1642,1646,1643,1654,1648,1648,1664,1661,1636,1652,1639,1661,1674,1644,1648,1646,
10,1661,1646,1643,1662,1636,1661,1658,1647,1649,1654,1644,1646,1647,1649,1642,1651,1673,1651,1660,1665,
11,1667,1655,1643,1665,1664,1643,1654,1643,1644,1658,1655,1644,1678,1644,1695,1679,1651,1641,1650,1667,
12,1645,1642,1651,1659,1655,1671,1649,1651,1645,1639,1644,1661,1657,1650,1655,1651,1646,1648,1651,1645,
13,1653,1647,1648,1668,1658,1663,1661,1654,1669,1652,1670,1650,1670,1663,1656,1649,1663,1651,1658,1668,
14,1654,1642,1651,1665,1649,1644,1659,1656,1648,1651,1649,1659,1664,1668,1648,1689,1646,1682,1654,1648,
15,1659,1637,1661,1658,1645,1655,1671,1667,1646,1650,1650,1653,1653,1642,1652,1663,1678,1646,1666,1655,
16,1640,1662,1652,1661,1637,1680,1666,1659,1660,1644,1666,1671,1648,1658,1652,1653,1638,1654,1650,1661,
17,1648,1663,1654,1638,1645,1673,1639,1661,1642,1640,1638,1651,1639,1654,1674,1641,1648,1653,1656,1649,
18,1653,1653,1648,1651,1657,1644,1650,1643,1639,1643,1640,1653,1658,1655,1643,1650,1653,1657,1652,1650,
19,1655,1660,1650,1644,1641,1653,1659,1656,1645,1662,1665,1666,1680,1636,1660,1668,1654,1647,1675,1649,
20,1659,1648,1649,1647,1651,1661,1685,1662,1652,1639,1649,1649,1661,1665,1667,1679,1669,1647,1649,1658,
21,1661,1644,1670,1648,1643,1646,1650,1657,1650,1643,1663,1642,1665,1643,1662,1646,1664,1681,1645,1662,
22,1652,1670,1658,1639,1656,1651,1650,1667,1647,1669,1649,1683,1644,1654,1644,1668,1659,1647,1659,1658,
23,1660,1649,1652,1650,1647,1669,1675,1689,1649,1661,1661,1665,1669,1677,1667,1651,1654,1661,1656,1663,
24,1665,1650,1647,1656,1663,1656,1644,1668,1657,1665,1662,1668,1664,1649,1646,1664,1648,1649,1659,1661,
25,1653,1651,1648,1661,1645,1659,1653,1650,1645,1659,1666,1647,1667,1667,1655,1648,1645,1645,1654,1665,
26,1655,1667,1663,1646,1654,1660,1656,1641,1644,1643,1650,1644,1647,1660,1656,1652,1665,1665,1646,1641,
27,1651,1658,1657,1646,1647,1649,1659,1680,1641,1676,1666,1663,1659,1673,1643,1655,1654,1657,1658,1654,
28,1660,1663,1659,1646,1654,1660,1643,1665,1646,1656,1668,1669,1655,1655,1646,1647,1650,1643,1656,1658,
29,1650,1648,1651,1645,1650,1662,1673,1652,1668,1669,1650,1647,1658,1655,1660,1682,1646,1657,1675,1661,
30,1645,1651,1647,1656,1653,1646,1655,1668,1651,1678,1665,1654,1650,1654,1649,1651,1647,1651,1647,1658,
