1,1274,1274,1276,1268,1248,1276,1279,1271,1271,1275,1274,1275,1277,1276,1275,1252,1255,1278,1245,1275,
2,1277,1229,1272,1273,1282,1274,1252,1251,1277,1273,1278,1277,1272,1274,1277,1250,1279,1272,1278,1280,
3,1278,1280,1256,1275,1248,1254,1275,1250,1274,1281,1273,1271,1279,1210,1230,1250,1246,1280,1271,1251,
4,1231,1256,1199,1231,1208,1247,1211,1258,1193,1252,1257,1214,1217,1190,1207,1220,1235,1204,1226,1188,
5,1191,1150,1190,1191,1130,1149,1213,1166,1177,1173,1148,1171,1126,1194,1174,1191,1194,1152,1155,1191,
6,1168,1150,1108,1108,1121,1106,1127,1147,1131,1106,1171,1149,1129,1132,1151,1152,1168,1142,1170,1125,
7,1098,1122,1132,1151,1154,1123,1108,1127,1111,1151,1130,1149,1166,1129,1174,1154,1135,1124,1129,1124,
8,1129,1147,1132,1130,1188,1130,1126,1128,1171,1098,1104,1102,1107,1125,1128,1131,1105,1127,1109,1131,
9,1126,1156,1125,1107,1104,1131,1131,1122,1149,1122,1149,1151,1126,1150,1121,1131,1110,1153,1103,1133,
10,1123,1132,1156,1112,1129,1127,1128,1131,1112,1109,1107,1137,1129,1126,1127,1129,1105,1134,1105,1128,
11,1132,1144,1124,1128,1149,1146,1123,1130,1130,1123,1128,1110,1102,1104,1127,1127,1144,1126,1195,1155,
12,1147,1177,1130,1125,1110,1134,1125,1130,1174,1147,1149,1104,1108,1133,1105,1105,1126,1181,1152,1130,
13,1148,1149,1127,1124,1106,1104,1126,1124,1134,1139,1130,1131,1167,1150,1127,1126,1121,1145,1133,1131,
14,1127,1182,1153,1136,1149,1125,1176,1128,1151,1105,1126,1113,1128,1127,1105,1128,1138,1128,1126,1129,
15,1149,1128,1127,1102,1134,1110,1134,1128,1104,1123,1128,1125,1131,1149,1130,1146,1150,1122,1147,1151,
16,1147,1132,1161,1129,1133,1124,1128,1141,1170,1169,1124,1143,1127,1109,1171,1106,1132,1103,1150,1140,
17,1134,1152,1128,1167,1155,1126,1131,1131,1101,1153,1145,1184,1131,1110,1148,1121,1175,1130,1126,1178,
18,1107,1129,1168,1147,1126,1133,1125,1149,1132,1150,1196,1107,1149,1128,1170,1145,1147,1170,1125,1126,
19,1121,1177,1124,1103,1173,1172,1103,1155,1123,1146,1129,1171,1104,1148,1129,1147,1154,1106,1122,1104,
20,1104,1170,1127,1130,1132,1174,1131,1156,1106,1135,1128,1171,1126,1174,1146,1127,1106,1151,1125,1132,
21,1099,1158,1191,1134,1129,1175,1181,1175,1129,1132,1129,1132,1100,1152,1150,1111,1133,1104,1154,1151,
22,1187,1148,1137,1191,1131,1108,1126,1126,1132,1176,1174,1102,1148,1135,1108,1194,1104,1108,1172,1149,
23,1150,1126,1130,1128,1150,1128,1155,1130,1110,1149,1129,1126,1122,1131,1145,1134,1112,1150,1136,1154,
24,1150,1158,1108,1194,1174,1150,1152,1128,1128,1145,1175,1109,1153,1134,1155,1140,1194,1124,1147,1172,
25,1137,1155,1127,1127,1126,1190,1123,1152,1127,1102,1107,1124,1125,1131,1109,1128,1157,1149,1172,1140,
26,1110,1123,1132,1155,1130,1195,1169,1148,1133,1172,1134,1156,1107,1150,1133,1151,1127,1108,1143,1132,
27,1170,1118,1111,1127,1155,1130,1131,1149,1170,1175,1149,1130,1107,1130,1129,1131,1152,1108,1110,1130,
28,1131,1174,1125,1147,1170,1181,1185,1178,1106,1169,1129,1156,1110,1130,1127,1157,1155,1154,1173,1149,
29,1100,1149,1131,1145,1132,1156,1134,1131,1149,1126,1172,1124,1135,1128,1128,1108,1128,1147,1124,1175,
30,1119,1102,1171,1169,1128,1138,1128,1100,1109,1147,1151,1126,1155,1126,1177,1148,1157,1150,1125,1152,
