<<<<<<< HEAD
1,1652,1607,1656,1653,1657,1614,1636,1651,1642,1664,1642,1662,1666,1662,1652,1652,1638,1639,1653,1653,
2,1641,1597,1655,1645,1638,1595,1616,1654,1649,1646,1603,1642,1637,1656,1638,1617,1645,1640,1641,1619,
3,1614,1606,1575,1620,1617,1594,1580,1591,1626,1615,1585,1619,1603,1586,1625,1604,1571,1586,1621,1599,
4,1607,1567,1608,1610,1520,1619,1558,1576,1589,1569,1549,1586,1561,1558,1604,1607,1580,1606,1576,1558,
5,1607,1604,1539,1573,1521,1568,1558,1594,1554,1520,1577,1592,1557,1559,1563,1651,1568,1606,1560,1617,
6,1434,1507,1521,1516,1505,1541,1493,1572,1526,1511,1439,1537,1446,1490,1509,1542,1541,1553,1551,1456,
7,1447,1479,1481,1460,1450,1478,1478,1430,1520,1400,1513,1503,1482,1575,1451,1444,1485,1552,1500,1467,
8,1474,1447,1412,1392,1459,1467,1450,1417,1415,1378,1406,1436,1429,1412,1390,1397,1447,1462,1461,1395,
9,1427,1423,1438,1365,1414,1428,1407,1370,1409,1480,1444,1394,1413,1457,1422,1405,1438,1475,1443,1392,
10,1389,1397,1458,1447,1442,1450,1461,1366,1394,1448,1482,1475,1359,1393,1362,1439,1426,1436,1364,1464,
11,1411,1456,1415,1449,1373,1373,1423,1376,1404,1445,1415,1372,1435,1377,1452,1405,1382,1458,1381,1413,
12,1391,1395,1405,1446,1450,1373,1439,1358,1389,1453,1404,1457,1359,1438,1392,1472,1459,1406,1409,1394,
13,1485,1395,1395,1395,1408,1405,1362,1419,1359,1424,1360,1393,1406,1376,1384,1416,1401,1393,1428,1390,
14,1407,1416,1456,1396,1428,1406,1406,1436,1388,1427,1374,1409,1410,1415,1403,1406,1372,1422,1381,1396,
15,1419,1383,1394,1405,1417,1371,1372,1397,1440,1422,1394,1431,1409,1371,1416,1363,1393,1386,1438,1404,
16,1410,1392,1423,1390,1455,1375,1404,1394,1394,1438,1456,1410,1396,1419,1394,1424,1416,1413,1453,1450,
17,1461,1458,1395,1434,1483,1442,1368,1420,1393,1447,1451,1437,1402,1419,1414,1394,1366,1424,1412,1448,
18,1378,1373,1361,1375,1442,1409,1416,1384,1407,1375,1438,1430,1440,1431,1385,1370,1368,1373,1436,1407,
19,1393,1393,1431,1391,1407,1467,1405,1404,1434,1398,1408,1407,1426,1455,1394,1383,1448,1364,1396,1391,
20,1452,1449,1372,1452,1415,1484,1431,1448,1416,1383,1434,1363,1361,1422,1457,1408,1397,1482,1417,1411,
21,1405,1394,1372,1484,1467,1404,1373,1358,1436,1399,1378,1437,1387,1419,1395,1471,1429,1467,1391,1371,
22,1417,1467,1407,1456,1408,1425,1438,1392,1406,1489,1361,1443,1431,1404,1407,1469,1461,1365,1430,1438,
23,1422,1500,1420,1369,1487,1455,1466,1404,1427,1467,1446,1453,1421,1404,1394,1426,1483,1403,1414,1458,
24,1487,1418,1396,1391,1392,1376,1455,1419,1436,1481,1434,1430,1423,1404,1395,1407,1424,1439,1394,1472,
25,1418,1420,1428,1406,1405,1438,1439,1444,1403,1393,1432,1437,1440,1460,1407,1424,1419,1499,1401,1402,
26,1427,1445,1441,1431,1437,1402,1375,1389,1392,1456,1391,1431,1365,1500,1455,1428,1363,1450,1438,1448,
27,1388,1402,1451,1445,1374,1441,1419,1451,1474,1385,1419,1448,1451,1394,1472,1416,1395,1515,1398,1416,
28,1412,1422,1458,1454,1378,1440,1406,1407,1427,1420,1417,1419,1407,1415,1430,1460,1393,1450,1515,1443,
29,1391,1386,1448,1376,1415,1437,1409,1424,1440,1445,1419,1441,1420,1405,1446,1437,1419,1362,1386,1484,
30,1384,1408,1427,1406,1427,1479,1436,1440,1441,1519,1473,1459,1443,1386,1455,1374,1496,1363,1448,1402,
