1,2090,2136,2136,2099,2136,2100,2091,2099,2098,2130,2095,2136,2125,2128,2137,2140,2143,2128,2094,2133,
2,2126,2121,2125,2118,2131,2092,2087,2093,2128,2088,2116,2116,2133,2120,2129,2121,2123,2120,2082,2122,
3,2131,2124,2085,2123,2125,2123,2128,2126,2136,2082,2122,2125,2118,2127,2095,2121,2113,2130,2118,2128,
4,2085,2082,2084,2086,2125,2118,2111,2090,2126,2044,2121,2080,2080,2110,2122,2123,2118,2112,2121,2124,
5,2085,2118,2096,2082,2120,2108,2134,2121,2121,2118,2092,2128,2130,2113,2097,2121,2129,2118,2138,2126,
6,2081,2057,2097,2051,2124,2035,2088,2132,2091,2096,2133,2131,2046,2115,2078,2025,2044,2057,2081,2069,
7,1998,2087,2008,1947,2087,2082,2091,2031,2039,2082,1987,2083,2087,1997,2013,2027,2090,2061,2017,1983,
8,2071,2057,1999,1989,2096,2000,2016,1958,2057,1989,1936,2026,1983,1991,2072,1957,2052,1985,1925,2011,
9,1956,1884,2002,1991,1894,1929,1995,1935,2013,1994,2002,1983,1949,2002,1998,1909,1923,1964,1950,1984,
10,1984,1912,1880,1926,1954,1965,1918,1923,1960,1929,1864,1921,1951,1898,1879,1925,1955,1963,1988,2020,
11,1893,1891,1894,1979,1886,1914,1902,1883,1917,1882,1892,1926,1937,1880,1921,1852,1919,1853,1848,1886,
12,1961,1886,1926,1953,1881,1953,1885,1855,1916,1847,1849,1881,1893,1852,1894,1993,1895,1860,1887,1920,
13,1911,1890,1989,1923,1853,1883,1929,1924,1841,1929,1894,1887,1883,1845,1922,1920,1884,1844,1883,1883,
14,1924,1915,1889,1884,1881,1890,1912,1958,1923,1881,1873,1846,1888,1883,1883,1894,1847,1854,1881,1891,
15,1885,1893,1856,1888,1883,1893,1878,1882,1920,1854,1854,1856,1926,1892,1891,1891,1922,1886,1887,1889,
16,1886,1887,1887,1890,1903,1928,1924,1950,1876,1935,1923,1878,1998,1963,1928,1857,1861,1890,1885,1900,
17,1886,1931,1885,1848,1881,1880,1912,1874,1968,1886,1854,1922,1882,1855,1886,1930,1912,1957,1903,1847,
18,1847,1929,1965,1884,1881,1889,1848,1919,1919,1898,1925,1893,1959,1884,1924,1874,1885,1879,1929,1882,
19,1926,1855,1910,1928,1893,1909,1926,1938,1903,2007,1917,1892,1889,1891,1891,1891,1962,1896,1892,1893,
20,1893,1936,1843,1850,1884,1845,1888,1893,1886,1938,1910,1912,1892,1938,1927,1847,1879,1886,1935,1886,
21,1891,1852,1861,1891,1844,1850,1918,1916,1886,1966,1880,1911,1932,1899,1849,1884,1944,1891,1922,1881,
22,1983,1929,1855,1887,1995,1876,1893,1927,1889,1855,1931,1977,1852,1919,1883,1886,1885,1881,1862,1857,
23,1922,1902,1911,1888,1891,1893,1924,1892,1886,1932,1921,1930,1853,1917,1858,1894,1893,1916,1953,1935,
24,2032,1886,1892,1913,1916,1860,1917,1932,1921,1885,1951,1990,1948,1858,1891,1897,1890,1917,1922,1869,
25,1924,1901,1888,1893,1848,1928,1891,1963,1902,1888,1923,1887,1926,1886,1929,1918,1951,1959,1921,1928,
26,1923,1952,1855,1875,1884,1972,1895,1855,1956,1924,1877,1891,1856,1886,1918,1924,1899,1893,1898,1855,
27,1896,1893,1893,1897,1848,1898,1936,1919,1903,1895,1956,1948,1893,1929,1918,1929,1850,1917,1899,1889,
28,1925,1891,1859,1921,1890,1893,1920,1902,1923,1928,1891,1887,1873,1880,1929,1988,1900,1908,1879,1852,
29,1924,1862,1881,1934,1927,1887,1905,1887,1900,1893,1965,1855,1855,1857,1934,1890,1940,1898,1917,1963,
30,1957,1954,1923,1848,1853,1931,1950,1899,1952,1917,1856,1872,1881,1927,1895,1891,1854,1883,1892,1932,
