1,1682,1589,1637,1678,1635,1639,1635,1594,1635,1638,1635,1639,1637,1636,1638,1640,1642,1632,1641,1679,
2,1634,1638,1591,1642,1593,1726,1591,1637,1639,1722,1634,1680,1593,1682,1676,1677,1592,1639,1683,1679,
3,1550,1589,1635,1640,1636,1641,1643,1679,1638,1682,1678,1594,1598,1640,1684,1633,1684,1591,1590,1637,
4,1632,1636,1637,1639,1683,1678,1679,1637,1682,1682,1678,1634,1633,1638,1686,1637,1547,1640,1678,1637,
5,1591,1642,1636,1682,1678,1634,1600,1634,1638,1635,1677,1684,1643,1591,1509,1595,1684,1634,1639,1637,
6,1599,1594,1643,1594,1595,1636,1638,1681,1682,1596,1637,1637,1555,1514,1602,1466,1515,1635,1554,1638,
7,1599,1679,1549,1511,1298,1518,1550,1548,1467,1637,1554,1509,1552,1513,1506,1508,1556,1460,1557,1516,
8,1423,1464,1426,1471,1428,1426,1514,1476,1463,1556,1466,1508,1386,1469,1466,1470,1428,1513,1467,1426,
9,1428,1387,1340,1390,1432,1385,1433,1431,1431,1470,1311,1465,1472,1294,1426,1343,1474,1512,1348,1382,
10,1294,1384,1392,1430,1342,1342,1303,1300,1346,1257,1342,1256,1427,1386,1342,1306,1345,1381,1339,1300,
11,1431,1303,1344,1301,1301,1431,1298,1258,1299,1295,1339,1345,1305,1296,1389,1305,1343,1261,1340,1299,
12,1386,1303,1385,1342,1259,1303,1298,1217,1339,1300,1385,1258,1264,1296,1338,1343,1343,1299,1383,1260,
13,1309,1301,1255,1259,1302,1339,1259,1260,1213,1256,1338,1260,1295,1301,1251,1305,1259,1265,1259,1340,
14,1301,1295,1294,1296,1344,1294,1256,1298,1392,1388,1259,1343,1304,1299,1253,1299,1392,1258,1255,1222,
15,1385,1341,1305,1263,1300,1305,1255,1257,1254,1260,1304,1260,1254,1256,1308,1301,1262,1253,1294,1300,
16,1254,1258,1259,1261,1337,1255,1257,1254,1260,1260,1384,1299,1301,1304,1300,1301,1339,1257,1299,1304,
17,1254,1342,1300,1251,1296,1343,1298,1298,1266,1385,1296,1299,1391,1259,1300,1299,1299,1341,1256,1345,
18,1261,1263,1300,1254,1222,1257,1292,1259,1298,1302,1292,1254,1301,1342,1299,1346,1220,1296,1345,1297,
19,1339,1254,1259,1297,1301,1250,1305,1304,1262,1210,1217,1218,1263,1256,1297,1342,1299,1255,1257,1340,
20,1384,1260,1258,1299,1260,1264,1303,1299,1338,1379,1341,1257,1344,1296,1302,1304,1257,1257,1303,1256,
21,1304,1259,1215,1258,1253,1298,1249,1218,1302,1259,1296,1308,1298,1383,1260,1252,1298,1258,1344,1387,
22,1299,1298,1299,1260,1300,1300,1290,1255,1343,1344,1341,1298,1258,1304,1302,1297,1254,1298,1294,1297,
23,1300,1260,1352,1299,1304,1302,1302,1297,1256,1260,1257,1258,1261,1256,1387,1303,1300,1218,1299,1298,
24,1267,1298,1334,1300,1296,1303,1263,1296,1256,1212,1382,1292,1342,1255,1257,1336,1295,1302,1299,1255,
25,1390,1301,1301,1258,1300,1342,1253,1297,1295,1301,1256,1258,1302,1213,1259,1306,1302,1261,1302,1341,
26,1345,1252,1298,1308,1304,1306,1258,1345,1256,1304,1348,1297,1296,1260,1292,1297,1257,1297,1345,1342,
27,1307,1257,1213,1299,1337,1344,1209,1304,1293,1347,1260,1256,1301,1300,1302,1342,1303,1295,1215,1296,
28,1342,1300,1300,1253,1301,1210,1298,1346,1251,1302,1338,1298,1261,1303,1297,1259,1341,1295,1260,1385,
29,1256,1254,1301,1258,1298,1259,1302,1257,1430,1251,1262,1258,1253,1308,1300,1253,1298,1292,1304,1346,
30,1297,1302,1385,1302,1257,1253,1303,1301,1301,1255,1384,1257,1255,1300,1307,1249,1254,1223,1298,1297,
