1,243177,243178,243175,243180,243181,243182,243173,243173,243184,243169,243188,243180,243178,243175,243187,243188,243180,243179,243180,243180,
2,243175,243176,243174,243176,243181,243179,243172,243177,243173,243185,243179,243170,243180,243176,243171,243181,243179,243184,243181,243181,
3,243177,243182,243176,243185,243172,243175,243189,243175,243183,243185,243181,243177,243183,243177,243187,243194,243175,243187,243174,243186,
4,243178,243183,243184,243191,243195,243177,243185,243182,243188,243181,243181,243188,243182,243184,243184,243178,243180,243180,243181,243183,
5,243190,243186,243178,243188,243184,243183,243183,243183,243182,243182,243179,243188,243184,243186,243179,243183,243173,243177,243179,243186,
6,243183,243184,243200,243179,243193,243174,243183,243184,243182,243179,243182,243176,243185,243190,243194,243183,243193,243187,243175,243184,
7,243178,243180,243181,243184,243184,243181,243180,243178,243188,243180,243190,243187,243183,243197,243183,243180,243182,243190,243184,243181,
8,243187,243184,243185,243180,243184,243185,243189,243180,243170,243181,243183,243183,243192,243191,243189,243184,243189,243188,243181,243185,
9,243178,243182,243185,243180,243178,243198,243173,243179,243188,243176,243176,243180,243191,243187,243193,243184,243172,243176,243180,243188,
10,243182,243183,243184,243184,243190,243184,243175,243179,243187,243186,243190,243178,243186,243189,243188,243183,243179,243185,243188,243181,
11,243186,243181,243183,243180,243181,243189,243180,243187,243182,243184,243173,243185,243182,243176,243193,243187,243180,243178,243183,243181,
12,243183,243188,243188,243182,243189,243186,243185,243196,243185,243178,243184,243179,243182,243180,243189,243183,243181,243177,243181,243184,
13,243180,243183,243181,243183,243183,243189,243181,243185,243181,243191,243187,243189,243186,243184,243181,243185,243183,243188,243188,243186,
14,243176,243189,243178,243174,243189,243196,243183,243175,243184,243182,243176,243191,243187,243189,243190,243185,243188,243185,243186,243195,
15,243183,243181,243181,243178,243183,243189,243184,243185,243182,243189,243183,243185,243190,243191,243179,243187,243183,243189,243184,243183,
16,243179,243189,243182,243196,243193,243195,243190,243182,243183,243183,243187,243186,243181,243185,243192,243186,243178,243194,243187,243182,
17,243190,243183,243180,243180,243192,243195,243189,243190,243182,243186,243188,243190,243195,243190,243185,243185,243182,243199,243187,243190,
18,243181,243185,243196,243195,243189,243188,243185,243196,243186,243188,243195,243186,243187,243184,243183,243187,243187,243191,243184,243187,
19,243179,243182,243185,243182,243194,243194,243193,243177,243185,243198,243185,243189,243188,243187,243177,243185,243194,243199,243186,243190,
20,243184,243184,243188,243198,243189,243191,243188,243178,243186,243187,243183,243191,243184,243183,243187,243186,243181,243190,243194,243192,
21,243193,243185,243185,243197,243184,243185,243185,243179,243195,243180,243186,243179,243179,243185,243180,243187,243182,243181,243186,243191,
22,243188,243194,243191,243184,243193,243185,243179,243188,243189,243187,243187,243185,243183,243187,243190,243183,243191,243189,243193,243186,
23,243189,243185,243188,243195,243181,243183,243182,243186,243187,243182,243197,243188,243177,243190,243181,243188,243177,243190,243187,243182,
24,243187,243190,243180,243191,243183,243184,243192,243192,243197,243196,243184,243188,243193,243193,243188,243185,243188,243190,243180,243185,
25,243194,243184,243183,243195,243179,243184,243182,243184,243179,243195,243191,243184,243185,243187,243187,243192,243192,243188,243181,243183,
26,243186,243184,243188,243191,243200,243192,243181,243194,243198,243193,243187,243182,243194,243193,243197,243189,243197,243191,243189,243192,
27,243190,243189,243175,243183,243193,243182,243182,243188,243194,243183,243184,243180,243193,243192,243187,243186,243191,243189,243191,243191,
28,243196,243180,243177,243181,243185,243190,243179,243180,243184,243188,243188,243194,243172,243203,243191,243187,243190,243189,243177,243191,
29,243182,243184,243182,243199,243192,243187,243201,243194,243180,243191,243188,243192,243186,243193,243191,243192,243199,243192,243194,243177,
30,243191,243188,243176,243191,243193,243183,243189,243197,243188,243203,243187,243189,243194,243184,243194,243190,243189,243180,243184,243192,
