1,1651,1651,1641,1601,1691,1561,1661,1641,1591,1631,1621,1651,1621,1691,1581,1551,1641,1531,1601,1651,
2,1631,1571,1581,1591,1641,1591,1601,1651,1601,1551,1601,1581,1661,1571,1561,1541,1601,1621,1521,1601,
3,1581,1561,1571,1591,1601,1511,1601,1531,1581,1581,1581,1611,1571,1561,1511,1611,1611,1581,1561,1551,
4,1581,1551,1551,1551,1531,1551,1601,1491,1571,1581,1611,1501,1551,1591,1581,1581,1581,1571,1601,1591,
5,1561,1611,1561,1511,1551,1561,1561,1521,1561,1521,1581,1601,1561,1551,1591,1531,1581,1581,1581,1571,
6,1511,1501,1561,1461,1461,1501,1551,1471,1551,1501,1531,1511,1531,1511,1561,1581,1481,1541,1481,1481,
7,1491,1531,1491,1511,1541,1421,1501,1441,1421,1471,1411,1451,1471,1391,1441,1451,1321,1451,1491,1541,
8,1421,1341,1381,1431,1401,1341,1331,1361,1431,1301,1391,1441,1381,1411,1431,1451,1371,1451,1381,1491,
9,1331,1321,1441,1461,1401,1421,1321,1391,1451,1321,1361,1451,1391,1451,1401,1281,1321,1441,1351,1411,
10,1381,1271,1291,1331,1241,1301,1331,1391,1411,1301,1331,1321,1391,1331,1321,1301,1351,1371,1251,1301,
11,1361,1361,1271,1361,1331,1351,1271,1301,1321,1361,1321,1371,1291,1241,1371,1391,1381,1241,1281,1251,
12,1331,1261,1321,1321,1301,1241,1271,1291,1261,1231,1261,1281,1281,1291,1301,1291,1251,1311,1311,1291,
13,1251,1231,1321,1201,1241,1371,1331,1271,1271,1341,1301,1261,1311,1331,1311,1261,1281,1311,1351,1211,
