1,3552,3558,3551,3552,3547,3553,3556,3493,3486,3554,3554,3488,3494,3489,3552,3555,3553,3492,3558,3557,
2,3492,3559,3490,3500,3556,3549,3563,3559,3552,3553,3555,3552,3553,3553,3555,3498,3492,3551,3558,3561,
3,3554,3555,3558,3552,3553,3557,3561,3549,3551,3554,3493,3555,3564,3559,3558,3556,3561,3557,3561,3561,
4,3497,3560,3553,3556,3558,3491,3491,3562,3559,3557,3555,3555,3554,3490,3559,3555,3487,3554,3556,3560,
5,3556,3558,3554,3559,3556,3490,3555,3556,3494,3558,3494,3560,3562,3558,3557,3556,3564,3495,3556,3491,
6,3558,3492,3562,3559,3499,3560,3498,3563,3497,3557,3556,3556,3562,3556,3555,3554,3558,3558,3560,3556,
7,3561,3560,3560,3556,3563,3554,3488,3500,3555,3556,3560,3557,3554,3492,3494,3562,3562,3562,3491,3555,
8,3555,3559,3493,3556,3555,3554,3490,3490,3553,3490,3559,3562,3561,3555,3370,3553,3556,3560,3552,3558,
9,3565,3491,3554,3563,3558,3558,3434,3495,3558,3492,3557,3554,3368,3557,3558,3432,3561,3560,3560,3557,
10,3436,3493,3435,3375,3377,3490,3486,3495,3374,3441,3491,3374,3432,3444,3250,3433,3432,3436,3562,3501,
11,3309,3307,3307,3561,3372,3430,3436,3434,3435,3490,3380,3369,3312,3252,3323,3431,3370,3432,3435,3370,
12,3318,3318,3320,3437,3314,3382,3435,3257,3497,3438,3253,3436,3250,3438,3372,3374,3440,3317,3377,3429,
13,3198,3379,3195,3315,3306,3190,3256,3496,3191,3189,3320,3441,3319,3315,3255,3247,3315,3131,3377,3190,
14,3253,3312,3253,3258,3248,3195,3305,3068,3316,3319,3251,3425,3307,3254,3247,3191,3254,3316,3128,3319,
15,3257,3133,3253,3249,3248,3134,3314,3308,3186,3253,3185,3259,3318,3252,3067,3311,3322,3126,3312,3186,
16,3068,3134,3125,3313,3194,3194,3327,3068,3189,3130,3253,3257,3132,3129,3320,3189,3190,3069,3070,3312,
17,3262,3068,3126,3124,3195,3256,3127,3186,3187,3195,3069,3131,3063,3128,3135,3370,3069,3130,3131,3188,
18,3188,3189,3125,3124,3188,3189,3192,3065,3249,3063,3256,3195,3195,3064,3124,3248,3124,3191,3126,3134,
19,3070,3131,3064,3255,3310,3128,3136,3130,3131,3314,3065,3197,3125,3255,3254,3129,3127,3188,3127,3062,
20,3071,3069,3127,3133,3126,3067,3191,3130,3187,3062,3133,3063,3133,3066,3138,3123,3193,3198,3131,3133,
21,3130,3253,3075,3067,3261,3127,3131,3073,3067,3128,3068,3070,3126,3193,3129,3125,3070,3128,3067,3126,
22,3062,3070,3187,3067,3125,3127,3066,3193,3069,3131,3068,3126,3135,3132,3131,3192,3132,3254,3189,3189,
23,3134,3127,3130,3067,3065,3124,3191,3069,3068,3190,3124,3124,3253,3128,3124,3073,3129,3067,3131,3197,
24,3132,3069,3072,3192,3134,3245,3129,3123,3134,3254,3195,3127,3133,3066,3065,3068,3064,3136,3132,3251,
25,3250,3193,3196,3126,3076,3128,3251,3063,3062,3132,3064,3201,3130,3199,3127,3134,3133,3130,3133,3192,
26,3194,3067,3133,3066,3067,3128,3251,3188,3132,3069,3129,3136,3068,3128,3125,3131,3191,3128,3127,3063,
27,3125,3191,3072,3127,3195,3194,3072,3128,3068,3064,3127,3125,3068,3062,3133,3192,3252,3068,3185,3071,
28,3134,3188,3131,3128,3193,3188,3072,3193,3188,3143,3128,3126,3131,3196,3192,3069,3069,3128,3192,3185,
29,3191,3124,3135,3133,3193,3131,3262,3131,3070,3064,3192,3191,3193,3255,3193,3129,3132,3125,3069,3191,
30,3129,3125,3197,3068,3123,3191,3197,3125,3064,3135,3191,3069,3130,3188,3195,3128,3134,3129,3139,3253,
