1,1707,1677,1676,1668,1695,1699,1710,1698,1695,1699,1710,1662,1717,1699,1676,1708,1687,1696,1704,1700,
2,1688,1698,1686,1649,1689,1660,1688,1684,1689,1696,1688,1699,1656,1686,1688,1648,1707,1699,1700,1661,
3,1686,1696,1690,1645,1693,1656,1684,1700,1685,1686,1685,1674,1687,1692,1683,1673,1668,1659,1686,1682,
4,1682,1662,1684,1625,1679,1675,1677,1673,1647,1638,1670,1646,1686,1647,1682,1606,1647,1648,1683,1662,
5,1611,1628,1661,1654,1672,1672,1648,1609,1594,1651,1659,1656,1638,1634,1673,1673,1646,1596,1639,1673,
6,1636,1559,1560,1594,1660,1613,1618,1561,1658,1602,1615,1614,1670,1549,1573,1596,1635,1618,1607,1625,
7,1610,1632,1556,1562,1505,1630,1611,1559,1513,1546,1536,1624,1571,1586,1568,1531,1511,1569,1633,1604,
8,1510,1511,1572,1634,1572,1559,1511,1586,1482,1496,1545,1525,1507,1508,1513,1574,1495,1537,1571,1593,
9,1462,1569,1522,1580,1548,1490,1543,1539,1485,1486,1548,1533,1545,1484,1572,1461,1456,1510,1523,1544,
10,1541,1496,1508,1520,1520,1521,1534,1524,1521,1537,1486,1511,1459,1544,1520,1547,1486,1496,1569,1460,
11,1484,1484,1529,1561,1462,1524,1549,1502,1551,1489,1469,1513,1463,1497,1485,1520,1460,1478,1511,1485,
12,1547,1483,1506,1480,1464,1480,1471,1512,1462,1485,1531,1529,1513,1486,1577,1482,1494,1511,1526,1462,
13,1498,1523,1499,1487,1485,1495,1470,1497,1561,1500,1486,1493,1522,1516,1556,1550,1499,1534,1509,1574,
14,1460,1521,1461,1475,1506,1495,1520,1561,1486,1489,1518,1500,1498,1525,1496,1484,1507,1526,1496,1487,
15,1481,1514,1527,1507,1499,1486,1488,1461,1518,1483,1510,1534,1487,1482,1523,1484,1494,1457,1510,1507,
16,1471,1509,1486,1484,1458,1490,1511,1562,1465,1498,1558,1474,1563,1495,1570,1522,1498,1558,1519,1460,
17,1486,1461,1496,1484,1536,1519,1486,1498,1500,1484,1528,1508,1548,1487,1487,1469,1486,1486,1512,1554,
18,1525,1524,1469,1511,1536,1484,1520,1510,1471,1485,1481,1524,1490,1535,1496,1549,1472,1495,1523,1536,
19,1564,1539,1486,1510,1511,1518,1500,1523,1522,1483,1522,1531,1535,1546,1533,1522,1509,1550,1470,1498,
20,1551,1473,1499,1510,1494,1460,1490,1456,1586,1467,1488,1515,1485,1512,1488,1460,1541,1460,1485,1473,
21,1543,1486,1573,1496,1464,1523,1482,1472,1535,1507,1487,1518,1520,1493,1481,1474,1464,1487,1506,1547,
22,1462,1495,1522,1462,1461,1470,1483,1495,1512,1497,1461,1510,1459,1519,1495,1545,1532,1496,1522,1507,
23,1524,1552,1543,1500,1517,1496,1558,1485,1523,1461,1493,1529,1458,1509,1472,1507,1497,1537,1571,1498,
24,1509,1486,1472,1485,1500,1524,1487,1510,1500,1614,1481,1522,1551,1498,1508,1468,1525,1543,1483,1462,
25,1524,1482,1485,1544,1525,1544,1485,1475,1504,1547,1522,1499,1501,1490,1516,1458,1503,1521,1469,1519,
26,1547,1549,1610,1533,1535,1531,1459,1522,1512,1522,1550,1510,1598,1474,1484,1498,1497,1535,1509,1464,
27,1477,1546,1483,1524,1571,1520,1458,1520,1579,1469,1524,1498,1533,1511,1508,1509,1537,1512,1473,1540,
28,1492,1509,1486,1566,1493,1486,1548,1471,1513,1563,1485,1552,1506,1501,1586,1499,1460,1558,1536,1532,
29,1518,1522,1496,1509,1497,1488,1505,1462,1516,1460,1526,1498,1488,1491,1495,1475,1531,1462,1514,1459,
30,1462,1501,1501,1492,1534,1534,1552,1525,1526,1536,1458,1462,1523,1522,1483,1510,1485,1467,1573,1537,
