1,8,0.001,1740, 1766, 1740, 1728, 1731, 1739, 1757, 1734, 1749, 1739, 1787, 1775, 1763, 1752, 1795, 1736, 1742, 1771, 1733, 1764, 
1,8,0.01,1730, 1744, 1788, 1769, 1750, 1771, 1723, 1750, 1754, 1745, 1728, 1749, 1725, 1748, 1731, 1759, 1754, 1727, 1732, 1768, 
1,8,0.1,1752, 1737, 1788, 1746, 1760, 1725, 1744, 1755, 1742, 1760, 1742, 1745, 1731, 1724, 1746, 1743, 1759, 1756, 1760, 1727, 
1,8,0.25,1744, 1722, 1762, 1748, 1760, 1767, 1742, 1725, 1742, 1784, 1718, 1717, 1767, 1724, 1797, 1753, 1727, 1751, 1762, 1751, 
1,8,0.5,1753, 1717, 1726, 1785, 1753, 1740, 1741, 1741, 1756, 1731, 1736, 1742, 1787, 1733, 1734, 1721, 1742, 1729, 1743, 1746, 
1,8,0.75,1747, 1761, 1733, 1795, 1747, 1715, 1742, 1767, 1749, 1808, 1730, 1736, 1761, 1784, 1754, 1749, 1764, 1728, 1711, 1766, 
1,8,1,1765, 1718, 1766, 1730, 1768, 1722, 1726, 1750, 1752, 1776, 1740, 1784, 1749, 1747, 1770, 1749, 1811, 1781, 1759, 1720, 
1,8,1.5,1778, 1779, 1759, 1742, 1786, 1768, 1769, 1774, 1748, 1761, 1728, 1791, 1771, 1793, 1729, 1741, 1779, 1769, 1729, 1739, 
1,8,2,1767, 1759, 1767, 1731, 1776, 1773, 1760, 1772, 1777, 1750, 1762, 1761, 1771, 1750, 1746, 1751, 1747, 1815, 1760, 1747, 
2,4,0.001,1641, 1640, 1648, 1645, 1648, 1656, 1640, 1652, 1644, 1640, 1659, 1653, 1646, 1647, 1645, 1655, 1654, 1639, 1650, 1645, 
2,4,0.01,1648, 1652, 1647, 1654, 1651, 1646, 1641, 1650, 1640, 1659, 1644, 1638, 1647, 1648, 1648, 1649, 1644, 1649, 1643, 1642, 
2,4,0.1,1638, 1650, 1647, 1656, 1652, 1645, 1648, 1644, 1644, 1645, 1652, 1649, 1640, 1647, 1635, 1660, 1645, 1650, 1649, 1642, 
2,4,0.25,1641, 1642, 1643, 1646, 1640, 1635, 1666, 1647, 1643, 1646, 1647, 1651, 1672, 1650, 1647, 1643, 1658, 1643, 1657, 1649, 
2,4,0.5,1649, 1645, 1673, 1644, 1651, 1647, 1642, 1645, 1646, 1675, 1644, 1647, 1654, 1645, 1658, 1676, 1652, 1660, 1658, 1637, 
2,4,0.75,1644, 1650, 1643, 1642, 1649, 1647, 1655, 1648, 1648, 1657, 1644, 1651, 1638, 1645, 1640, 1645, 1644, 1653, 1647, 1671, 
2,4,1,1648, 1660, 1649, 1663, 1648, 1650, 1662, 1653, 1652, 1649, 1660, 1664, 1646, 1650, 1662, 1662, 1640, 1647, 1666, 1641, 
2,4,1.5,1655, 1662, 1658, 1658, 1659, 1660, 1671, 1664, 1659, 1662, 1658, 1646, 1653, 1661, 1668, 1668, 1654, 1664, 1643, 1665, 
2,4,2,1672, 1675, 1667, 1661, 1686, 1669, 1672, 1658, 1667, 1680, 1664, 1656, 1661, 1655, 1650, 1676, 1647, 1675, 1667, 1663, 
3,8,0.001,1786, 1749, 1806, 1785, 1780, 1792, 1818, 1784, 1766, 1785, 1768, 1778, 1798, 1760, 1768, 1758, 1736, 1758, 1799, 1765, 
3,8,0.01,1762, 1774, 1778, 1783, 1780, 1732, 1797, 1747, 1772, 1795, 1764, 1748, 1800, 1778, 1749, 1770, 1759, 1800, 1801, 1763, 
3,8,0.1,1769, 1746, 1766, 1757, 1788, 1762, 1755, 1754, 1783, 1798, 1755, 1756, 1786, 1754, 1751, 1806, 1780, 1783, 1786, 1790, 
3,8,0.25,1753, 1774, 1772, 1748, 1762, 1776, 1754, 1772, 1794, 1799, 1763, 1768, 1760, 1754, 1783, 1779, 1752, 1757, 1751, 1759, 
3,8,0.5,1780, 1767, 1762, 1773, 1814, 1801, 1771, 1766, 1771, 1762, 1805, 1754, 1752, 1784, 1786, 1754, 1767, 1779, 1766, 1788, 
3,8,0.75,1801, 1801, 1772, 1754, 1752, 1780, 1803, 1754, 1766, 1772, 1754, 1793, 1769, 1769, 1773, 1755, 1810, 1750, 1759, 1764, 
3,8,1,1803, 1787, 1782, 1790, 1767, 1799, 1776, 1753, 1782, 1781, 1802, 1771, 1783, 1772, 1765, 1760, 1773, 1771, 1782, 1799, 
3,8,1.5,1757, 1774, 1760, 1806, 1782, 1764, 1826, 1759, 1768, 1735, 1775, 1777, 1778, 1789, 1789, 1757, 1758, 1773, 1778, 1802, 
3,8,2,1795, 1799, 1853, 1778, 1795, 1785, 1821, 1779, 1784, 1763, 1782, 1801, 1781, 1780, 1803, 1777, 1788, 1780, 1792, 1827, 
4,14,0.001,1883, 1891, 1888, 1840, 1847, 1887, 1891, 1892, 1924, 1949, 1866, 1954, 1885, 1872, 1856, 1893, 1891, 1917, 1896, 1890, 
4,14,0.01,1919, 1885, 1913, 1922, 1864, 1876, 1895, 1857, 1899, 1841, 1912, 1888, 1935, 1925, 1936, 1851, 1879, 1926, 1889, 1926, 
4,14,0.1,1881, 1900, 1892, 1932, 1850, 1967, 1885, 1932, 1858, 1881, 1884, 1990, 1909, 1893, 1906, 1925, 1903, 1852, 1878, 1890, 
4,14,0.25,1888, 1929, 1914, 1911, 1849, 1884, 1962, 1850, 1917, 1930, 1903, 1878, 1883, 1918, 1883, 1916, 1883, 1902, 1934, 1894, 
4,14,0.5,1924, 1911, 1919, 1884, 1927, 1888, 1891, 1924, 1848, 1855, 1913, 1893, 1878, 1850, 1881, 1928, 1912, 1909, 1848, 1844, 
4,14,0.75,1883, 1898, 1890, 1880, 1904, 1920, 1929, 1933, 1853, 1887, 1912, 1849, 1842, 1885, 1935, 1925, 2051, 1897, 1843, 1985, 
4,14,1,1888, 1933, 1927, 1895, 1976, 1898, 1881, 1873, 1955, 1970, 1857, 1922, 1887, 1943, 1907, 1926, 1895, 1863, 1912, 1859, 
4,14,1.5,1937, 1901, 1912, 1945, 1910, 1885, 1904, 1885, 1851, 1880, 1892, 1896, 1956, 1892, 1904, 1896, 1915, 1880, 1903, 1901, 
4,14,2,1904, 1961, 1987, 1862, 1977, 1900, 1921, 1921, 1930, 1919, 1938, 1919, 2047, 1955, 1993, 1957, 1906, 1904, 1924, 1872, 
